NNP energy:  -4.87623518E+03
NNP forces:
         1  O  -1.85143729E-01  -1.60354407E-01   2.72070872E-01
         2  H   3.70446251E-01   2.79035304E-01   9.77377430E-02
         3  H  -1.09722456E-01  -1.10721354E-01  -3.30574094E-01
         4  O   2.04422970E-02   3.87289536E-02   3.52065601E-01
         5  H  -9.23727468E-02   2.55641021E-01  -2.00209477E-01
         6  H   1.70713074E-02  -2.91166238E-01  -1.86460530E-01
         7  O   1.27613885E-01   5.47754680E-01   1.47776113E-01
         8  H  -2.13070354E-01  -2.65608445E-01  -5.03500594E-01
         9  H   1.31291048E-01  -2.49366664E-01   3.39633245E-01
        10  O   2.06064189E-02  -4.30474448E-01  -2.59046705E-01
        11  H  -3.91362122E-01   7.27555455E-02   1.80297857E-01
        12  H   3.85537286E-01   3.51565677E-01   3.19459280E-02
        13  O   1.28288070E-01   5.88253534E-01   4.12317037E-02
        14  H  -3.93702842E-01  -1.33024820E-01   2.56663672E-01
        15  H   3.10141934E-01  -4.07523561E-01  -3.14786885E-01
        16  O  -4.79915181E-01   9.86508087E-02  -9.68633865E-02
        17  H   2.17992082E-01   3.08059253E-01  -7.10940856E-03
        18  H   1.89562723E-01  -3.93498519E-01   1.28051819E-01
        19  O   1.52343192E-01   3.91971198E-01   2.10659620E-01
        20  H  -4.78240877E-02  -1.79058518E-01  -5.14756377E-01
        21  H   4.14111363E-02  -2.41965512E-01   3.69433892E-01
        22  O   1.64792447E-01   2.43863563E-01   1.14843388E-01
        23  H   1.23718244E-01  -1.33777315E-01  -1.97119553E-02
        24  H  -2.99142830E-01  -9.37652784E-02  -6.65182653E-02
        25  O  -4.55137214E-01   2.43866223E-01   1.02894016E-01
        26  H   3.70240466E-01   4.77879830E-02  -4.20313924E-01
        27  H   5.83251785E-02  -2.02857787E-01   4.22210970E-01
        28  O  -4.78062009E-01  -1.03727299E-01  -1.33976835E-01
        29  H   3.31846763E-02   4.80658153E-01   7.95723791E-02
        30  H   4.56267416E-01  -3.61468805E-01   4.51821921E-02
        31  O   3.15830283E-01  -8.64171320E-02  -2.27473440E-01
        32  H  -4.42406823E-01   1.74740706E-01  -4.16921905E-02
        33  H   1.16550254E-01  -5.40269835E-02   2.92381611E-01
        34  O   2.89478346E-01  -4.00661443E-01   5.25500857E-02
        35  H  -4.91379582E-01   1.78936505E-01  -1.74228526E-01
        36  H   1.81768867E-01   1.94327057E-01   1.67059358E-01
        37  O   2.48534661E-01   7.01795571E-02  -4.36990731E-01
        38  H  -3.34527062E-01   2.59379712E-01   6.41089155E-02
        39  H   3.10511354E-02  -3.78114720E-01   2.90226493E-01
        40  O   3.67427810E-01   4.92052395E-02  -1.71732396E-01
        41  H  -4.09691531E-01   7.92631608E-02   2.42953503E-01
        42  H   3.59980648E-03  -2.65749633E-01  -1.15592692E-01
        43  O  -9.12674840E-02   3.93361839E-01   3.55050384E-02
        44  H  -2.21095839E-01  -1.60531780E-01   1.41257408E-01
        45  H   3.46001609E-01  -2.45804081E-01  -1.47641666E-01
        46  O  -1.29508060E-01   2.85496386E-01  -4.96103701E-01
        47  H  -1.35806724E-01  -4.57529358E-01  -5.10086371E-03
        48  H   3.17982795E-01   2.19640411E-01   4.83735208E-01
        49  O   3.43845763E-02   4.01488539E-01   2.51807078E-01
        50  H   2.01321095E-01   2.92320106E-02  -3.30551915E-01
        51  H  -2.09522989E-01  -4.09264045E-01   1.60881163E-01
        52  O   2.62821891E-01   1.58976789E-01   1.63628317E-01
        53  H  -2.51399125E-01  -1.13126513E-03   2.00157908E-02
        54  H   1.89837791E-02  -1.54255327E-01  -1.76940881E-01
        55  O   3.76015212E-01   2.17127625E-01   1.99655331E-01
        56  H   4.30389378E-02  -4.47374105E-03  -4.05051198E-01
        57  H  -3.69236877E-01  -2.37927547E-01   1.73078212E-01
        58  O   4.79395910E-01   2.09992935E-01   1.54183646E-01
        59  H  -4.16236072E-01   3.48055468E-01   4.51779694E-02
        60  H  -6.94383738E-02  -5.16631882E-01  -2.10221095E-01
        61  O   3.15465249E-01   2.50508045E-01  -3.59308744E-01
        62  H  -4.04206709E-01  -1.61173534E-01  -1.43979362E-01
        63  H   1.00595620E-01  -5.16279143E-02   6.02054773E-01
        64  O  -1.39672376E-01   4.98470391E-01  -5.60965386E-02
        65  H  -1.37518848E-01  -2.91123558E-01   3.39573831E-01
        66  H   2.69355078E-01  -1.75535892E-01  -2.88340501E-01
        67  O  -1.73967259E-02   2.88865936E-01   4.20649774E-01
        68  H  -4.05997131E-01  -1.33954318E-01  -3.48014047E-01
        69  H   4.71859584E-01  -6.94397307E-02  -1.05162270E-01
        70  O   1.04691692E-01   1.82096540E-01   8.38904636E-02
        71  H  -2.05343553E-01  -1.17992102E-02  -6.87461987E-02
        72  H   1.41588099E-01  -1.70696501E-01  -1.18185094E-02
        73  O  -3.54930621E-01   1.43343305E-01   1.16378848E-01
        74  H   2.54007943E-01  -1.17135116E-01   3.32555258E-01
        75  H   1.66280705E-01  -6.59933507E-02  -4.06523022E-01
        76  O   2.20739516E-01  -2.34269866E-01   3.40459248E-02
        77  H  -9.37629334E-02   2.58212082E-01   1.11859377E-01
        78  H  -2.16796022E-01  -2.24965044E-02  -9.65528714E-02
        79  O   7.39441306E-02   2.41632397E-01   2.62674257E-01
        80  H   2.15951270E-01   4.50805452E-02  -3.38729089E-01
        81  H  -2.84667514E-01  -3.53281911E-01   5.42463945E-02
        82  O   4.65898320E-01   6.66403205E-02   2.18196909E-01
        83  H  -1.24885523E-01   2.89244753E-01  -2.75386739E-01
        84  H  -2.33146901E-01  -2.41411230E-01   5.56997101E-02
        85  O  -6.64576641E-02   3.42683480E-01  -1.30925255E-01
        86  H  -1.41148434E-01  -1.28568298E-01   2.43602197E-01
        87  H   1.79570747E-01  -2.08917104E-01  -1.17221790E-01
        88  O  -2.34716931E-01   2.18607335E-01  -4.43126118E-01
        89  H  -1.17587651E-01   1.80476794E-01   2.65842872E-01
        90  H   3.12430024E-01  -4.08913876E-01   1.59695733E-01
        91  O  -1.94706985E-02   5.56610556E-01   1.80244728E-01
        92  H   3.90967211E-01  -1.07863028E-01   8.69480731E-02
        93  H  -3.96566631E-01  -4.61400876E-01  -2.08764940E-01
        94  O  -3.43416551E-01   3.48598202E-01  -4.91880356E-02
        95  H   3.69338476E-01  -9.42793628E-02  -2.80605944E-01
        96  H  -3.81324953E-02  -2.10959247E-01   3.16507683E-01
        97  O  -8.72782916E-02   3.36794433E-01   3.46491151E-01
        98  H   1.06411543E-01   1.11016407E-01  -4.93162275E-01
        99  H   5.66695451E-02  -4.85214504E-01   1.40905479E-01
       100  O   1.69206131E-01   4.30282117E-02   4.24236359E-01
       101  H   5.58722225E-02   3.64445611E-01  -3.05408464E-01
       102  H  -2.41220277E-01  -2.99438688E-01  -1.31174213E-01
       103  O  -1.52307400E-01   2.88362896E-01   6.55540994E-02
       104  H   2.29178304E-01  -6.11128668E-02  -2.95845692E-01
       105  H  -5.08968885E-02  -2.42985811E-01   1.30316592E-01
       106  O  -1.06921917E-01   3.47309457E-01  -3.10850734E-01
       107  H  -4.09322884E-01  -2.62851452E-01   2.71310264E-02
       108  H   4.53982228E-01  -1.14002996E-01   3.02837381E-01
       109  O  -2.96082532E-01   3.63137193E-01   1.68420424E-01
       110  H   3.56734171E-01  -5.48825817E-02   2.72481148E-01
       111  H  -4.74494747E-02  -2.60023626E-01  -4.52079330E-01
       112  O   2.54186712E-01  -1.79522040E-01   6.14000028E-01
       113  H   4.86993279E-02   6.43812590E-01  -3.45631874E-01
       114  H  -2.96192235E-01  -4.55875596E-01  -2.33965038E-01
       115  O   4.22213383E-01  -2.39633468E-01  -1.59885487E-02
       116  H  -8.92566291E-02   3.19037794E-01  -2.41446693E-01
       117  H  -2.52697666E-01  -1.00969132E-01   2.74359055E-01
       118  O   2.96850514E-01  -1.08929164E-01   3.38038267E-01
       119  H   2.33739584E-01   1.35062221E-01  -2.55052828E-01
       120  H  -4.82210429E-01  -4.06627572E-02  -1.16729765E-01
       121  O   1.01419201E-01  -2.31925022E-02  -4.46172362E-01
       122  H  -2.37372512E-01   2.54789842E-01   7.12658886E-02
       123  H   1.83745175E-01  -2.15939492E-01   3.38964279E-01
       124  O   3.08419471E-01   1.16171602E-01   2.67557142E-01
       125  H  -1.75749909E-01  -4.34029381E-01  -9.00690994E-02
       126  H  -1.37924827E-01   3.40059434E-01  -2.80168809E-01
       127  O   2.17262544E-01   1.45426649E-01   3.58947101E-01
       128  H  -1.79586377E-01   1.74693348E-01  -3.83713863E-01
       129  H   9.54784013E-03  -3.59236966E-01   3.65388060E-02
       130  O   1.77430381E-02   3.95562744E-01   1.19559551E-01
       131  H   1.65989361E-01  -3.32901290E-01   2.16977530E-01
       132  H  -1.95338147E-01  -1.12902203E-01  -3.93493742E-01
       133  O  -3.90743447E-01  -1.36456506E-01   4.05411893E-01
       134  H   5.23986504E-01   7.59475122E-03   1.43155005E-01
       135  H  -1.17801400E-01   8.40243069E-02  -5.54560342E-01
       136  O  -1.40130220E-01   5.63754968E-01   1.65809655E-01
       137  H   7.23325344E-02  -3.90348312E-01   2.99890301E-01
       138  H  -8.23001512E-02  -9.95072154E-02  -4.33357686E-01
       139  O  -1.63589379E-01   4.60319712E-02  -4.81354820E-01
       140  H  -3.05228804E-01  -1.06415701E-01   3.40053071E-01
       141  H   4.43844174E-01   4.62145384E-02   5.46406896E-02
       142  O  -1.65299974E-01  -2.26044632E-01   3.94706563E-01
       143  H  -2.03024767E-01  -7.62885871E-03  -3.53000254E-01
       144  H   3.18818742E-01   2.68461052E-01   7.14779738E-03
       145  O   2.09804779E-01   3.08471412E-01  -7.38111591E-02
       146  H  -2.70914893E-01  -1.09858690E-02   1.28718190E-01
       147  H   3.75425002E-02  -2.65439233E-01  -9.69882734E-02
       148  O   3.28093048E-01   2.95321855E-01   3.55025515E-01
       149  H   1.20177831E-01   7.09341036E-03  -4.46550233E-01
       150  H  -4.16608504E-01  -2.45718370E-01   1.69781056E-01
       151  O  -2.08217615E-01   1.76401729E-01   4.92350368E-01
       152  H   4.86080445E-01   1.60971394E-01  -3.68287469E-01
       153  H  -2.81965188E-01  -3.70046821E-01  -2.31383211E-01
       154  O  -3.93177473E-01  -1.66037356E-01   3.84521788E-01
       155  H   4.06604778E-03   5.70869754E-01  -8.71955585E-02
       156  H   3.69395286E-01  -3.91408542E-01  -2.22507347E-01
       157  O  -3.47630884E-02   4.03588974E-01   1.65712904E-01
       158  H   1.88247708E-01  -3.74144149E-01   5.74188228E-02
       159  H  -2.07496196E-01   1.08583076E-02  -2.74838885E-01
       160  O   1.25219863E-01  -6.74049576E-01   2.75701778E-01
       161  H   3.11415513E-01   9.53411128E-02  -3.04624217E-01
       162  H  -5.31571861E-01   4.53360412E-01   2.07472625E-02
       163  O   2.50333926E-01   1.48763120E-01   2.83874431E-01
       164  H  -2.33163053E-01  -4.38018937E-01   1.81645946E-01
       165  H  -5.40808989E-02   1.41597174E-01  -5.10308270E-01
       166  O  -3.35327223E-01  -1.73915858E-01   2.99396670E-02
       167  H   2.20510198E-01  -1.24182791E-02   2.01984438E-01
       168  H   1.25337790E-01   2.07454600E-01  -2.52715686E-01
       169  O  -2.55057880E-01   3.43876783E-01   2.60124820E-01
       170  H   4.15179686E-01   5.40016629E-03  -9.98554530E-02
       171  H  -1.49699921E-01  -3.53824973E-01  -2.85881910E-02
       172  O   5.56525311E-02  -3.87563132E-02   3.90056867E-01
       173  H  -2.51391461E-01  -1.28017239E-01  -8.31882681E-02
       174  H   1.95467081E-01   1.72913327E-01  -2.72136409E-01
       175  O   1.87545342E-01  -2.96762247E-01   2.07356482E-01
       176  H   1.61628865E-01   3.32888233E-01   1.69927349E-03
       177  H  -3.76877323E-01   1.15867189E-02  -1.79702105E-01
       178  O   3.09161639E-01  -3.72879805E-01   2.25257449E-01
       179  H  -2.53285258E-01  -1.20405548E-01   1.05812128E-01
       180  H  -2.05230183E-02   4.51851988E-01  -3.44744265E-01
       181  O   2.35097747E-01   9.92061736E-02  -4.16023124E-01
       182  H  -6.67612264E-02   2.19162479E-01   3.87681385E-01
       183  H  -2.14482330E-01  -2.65265710E-01  -6.36371574E-02
       184  O  -5.28168798E-01  -3.06919076E-01  -6.28615912E-02
       185  H   5.20098787E-01  -1.59680107E-01  -5.98933952E-02
       186  H  -5.60966139E-02   3.47576203E-01   2.55446367E-02
       187  O   9.55222581E-02   1.81264136E-01   5.25477318E-01
       188  H   1.16589867E-01  -4.16021976E-01  -6.10396742E-02
       189  H  -2.74060483E-01   2.19155843E-01  -3.54555570E-01
       190  O  -2.61591077E-01   3.15003806E-02  -2.37887885E-01
       191  H  -6.86976517E-02  -1.65822585E-01   4.36082357E-01
       192  H   3.21531915E-01   2.86304238E-02  -1.84864578E-01
-------------------------------------------------------------------------------
NNP charge:  -2.82937584E-01
NNP dipole:  -4.94102286E+00  -4.48840687E+00  -2.60633706E+00
