NNP energy:  -4.87601009E+03
NNP forces:
         1  O  -1.85069120E-01  -1.60356102E-01   2.72160560E-01
         2  H   3.70441529E-01   2.78985076E-01   9.78259423E-02
         3  H  -1.09700481E-01  -1.10720706E-01  -3.30523181E-01
         4  O   2.03736889E-02   3.87987916E-02   3.52031974E-01
         5  H  -9.24099265E-02   2.55668108E-01  -2.00217378E-01
         6  H   1.70184936E-02  -2.91082293E-01  -1.86431156E-01
         7  O   1.27682884E-01   5.47744882E-01   1.47863951E-01
         8  H  -2.13037862E-01  -2.65642004E-01  -5.03473987E-01
         9  H   1.31300836E-01  -2.49348135E-01   3.39678430E-01
        10  O   2.06846128E-02  -4.30483549E-01  -2.59183816E-01
        11  H  -3.91282771E-01   7.27063267E-02   1.80169779E-01
        12  H   3.85557602E-01   3.51531069E-01   3.18433584E-02
        13  O   1.28387284E-01   5.88277384E-01   4.13555688E-02
        14  H  -3.93605206E-01  -1.32986581E-01   2.56710128E-01
        15  H   3.10172323E-01  -4.07475196E-01  -3.14717325E-01
        16  O  -4.79858835E-01   9.85924119E-02  -9.69398744E-02
        17  H   2.18016144E-01   3.07986324E-01  -7.18645546E-03
        18  H   1.89554293E-01  -3.93470479E-01   1.28007113E-01
        19  O   1.52455523E-01   3.91791820E-01   2.10668077E-01
        20  H  -4.77769992E-02  -1.79161383E-01  -5.14719087E-01
        21  H   4.14574887E-02  -2.42035057E-01   3.69424235E-01
        22  O   1.64801959E-01   2.43813815E-01   1.14908463E-01
        23  H   1.23687981E-01  -1.33783950E-01  -1.96231833E-02
        24  H  -2.99126025E-01  -9.37224740E-02  -6.64721613E-02
        25  O  -4.55178027E-01   2.43921623E-01   1.03045004E-01
        26  H   3.70237914E-01   4.78527964E-02  -4.20213653E-01
        27  H   5.82931212E-02  -2.02785910E-01   4.22283879E-01
        28  O  -4.78008299E-01  -1.03594440E-01  -1.33982236E-01
        29  H   3.32409512E-02   4.80671559E-01   7.95515407E-02
        30  H   4.56266291E-01  -3.61352058E-01   4.51937006E-02
        31  O   3.15843228E-01  -8.64870762E-02  -2.27497995E-01
        32  H  -4.42350101E-01   1.74700373E-01  -4.17044500E-02
        33  H   1.16555090E-01  -5.40216047E-02   2.92302746E-01
        34  O   2.89473774E-01  -4.00672062E-01   5.25185957E-02
        35  H  -4.91416242E-01   1.78890764E-01  -1.74223473E-01
        36  H   1.81760180E-01   1.94269895E-01   1.67055729E-01
        37  O   2.48266941E-01   7.01721142E-02  -4.37090484E-01
        38  H  -3.34582560E-01   2.59323862E-01   6.40103565E-02
        39  H   3.08930957E-02  -3.78110384E-01   2.90104917E-01
        40  O   3.67275629E-01   4.90497019E-02  -1.71708752E-01
        41  H  -4.09747527E-01   7.91559958E-02   2.42898462E-01
        42  H   3.50332506E-03  -2.65761807E-01  -1.15536443E-01
        43  O  -9.12898493E-02   3.93230815E-01   3.55396610E-02
        44  H  -2.21044726E-01  -1.60597992E-01   1.41203686E-01
        45  H   3.46006579E-01  -2.45879174E-01  -1.47660569E-01
        46  O  -1.29558205E-01   2.85572106E-01  -4.96167481E-01
        47  H  -1.35834728E-01  -4.57365072E-01  -5.08124249E-03
        48  H   3.17910062E-01   2.19614863E-01   4.83621787E-01
        49  O   3.42787078E-02   4.01662119E-01   2.51823302E-01
        50  H   2.01236411E-01   2.93679456E-02  -3.30509507E-01
        51  H  -2.09596764E-01  -4.09149998E-01   1.60918128E-01
        52  O   2.62854025E-01   1.58995174E-01   1.63756932E-01
        53  H  -2.51345804E-01  -1.15724122E-03   2.00878086E-02
        54  H   1.89954023E-02  -1.54186311E-01  -1.76822441E-01
        55  O   3.76069359E-01   2.17098702E-01   1.99585617E-01
        56  H   4.30625400E-02  -4.47299793E-03  -4.05027889E-01
        57  H  -3.69169461E-01  -2.37938021E-01   1.73037715E-01
        58  O   4.79370043E-01   2.10000656E-01   1.54151242E-01
        59  H  -4.16250350E-01   3.48048180E-01   4.51279410E-02
        60  H  -6.94664573E-02  -5.16600374E-01  -2.10237064E-01
        61  O   3.15529523E-01   2.50556520E-01  -3.59343957E-01
        62  H  -4.04132799E-01  -1.61080641E-01  -1.43961521E-01
        63  H   1.00578721E-01  -5.15821954E-02   6.01984709E-01
        64  O  -1.39606339E-01   4.98514847E-01  -5.60207400E-02
        65  H  -1.37467285E-01  -2.91046415E-01   3.39614474E-01
        66  H   2.69355483E-01  -1.75456250E-01  -2.88241580E-01
        67  O  -1.74004128E-02   2.88896551E-01   4.20630539E-01
        68  H  -4.05952910E-01  -1.33890293E-01  -3.47961876E-01
        69  H   4.71846051E-01  -6.93762250E-02  -1.05150841E-01
        70  O   1.04661618E-01   1.82049014E-01   8.38159896E-02
        71  H  -2.05301697E-01  -1.17431157E-02  -6.87492550E-02
        72  H   1.41562083E-01  -1.70669745E-01  -1.17855505E-02
        73  O  -3.54955811E-01   1.43250448E-01   1.16585235E-01
        74  H   2.53937099E-01  -1.17179089E-01   3.32623204E-01
        75  H   1.66242895E-01  -6.60651306E-02  -4.06388015E-01
        76  O   2.20698636E-01  -2.34350131E-01   3.41595466E-02
        77  H  -9.37777095E-02   2.58084711E-01   1.11881550E-01
        78  H  -2.16789716E-01  -2.25034228E-02  -9.64154973E-02
        79  O   7.39550862E-02   2.41501197E-01   2.62602539E-01
        80  H   2.15920079E-01   4.50140598E-02  -3.38753843E-01
        81  H  -2.84596605E-01  -3.53291898E-01   5.42459380E-02
        82  O   4.65946462E-01   6.67041501E-02   2.18315359E-01
        83  H  -1.24781304E-01   2.89274912E-01  -2.75301930E-01
        84  H  -2.33104603E-01  -2.41347319E-01   5.57167421E-02
        85  O  -6.64650444E-02   3.42774689E-01  -1.30820562E-01
        86  H  -1.41098813E-01  -1.28474737E-01   2.43550873E-01
        87  H   1.79545198E-01  -2.08866607E-01  -1.17138790E-01
        88  O  -2.34794096E-01   2.18610952E-01  -4.43071373E-01
        89  H  -1.17544452E-01   1.80478558E-01   2.65811149E-01
        90  H   3.12342926E-01  -4.08863734E-01   1.59635278E-01
        91  O  -1.94321444E-02   5.56622778E-01   1.80373747E-01
        92  H   3.90944730E-01  -1.07813183E-01   8.70316488E-02
        93  H  -3.96529127E-01  -4.61346510E-01  -2.08688677E-01
        94  O  -3.43492518E-01   3.48528096E-01  -4.91562069E-02
        95  H   3.69299551E-01  -9.43057870E-02  -2.80508582E-01
        96  H  -3.81892639E-02  -2.10960480E-01   3.16431205E-01
        97  O  -8.72185018E-02   3.36751938E-01   3.46408022E-01
        98  H   1.06439915E-01   1.10968045E-01  -4.93143056E-01
        99  H   5.67411290E-02  -4.85220399E-01   1.40838654E-01
       100  O   1.69183851E-01   4.31288194E-02   4.24152857E-01
       101  H   5.58738739E-02   3.64486596E-01  -3.05392270E-01
       102  H  -2.41231949E-01  -2.99425534E-01  -1.31261414E-01
       103  O  -1.52199318E-01   2.88424903E-01   6.54770232E-02
       104  H   2.29196812E-01  -6.10726443E-02  -2.95870347E-01
       105  H  -5.08192626E-02  -2.42929452E-01   1.30281091E-01
       106  O  -1.06874131E-01   3.47436805E-01  -3.10830155E-01
       107  H  -4.09303339E-01  -2.62801175E-01   2.71643283E-02
       108  H   4.53998417E-01  -1.13911470E-01   3.02861990E-01
       109  O  -2.96042307E-01   3.63173394E-01   1.68473470E-01
       110  H   3.56710480E-01  -5.48064229E-02   2.72504377E-01
       111  H  -4.74556768E-02  -2.59993887E-01  -4.52038705E-01
       112  O   2.54160317E-01  -1.79513151E-01   6.14008199E-01
       113  H   4.86886304E-02   6.43762481E-01  -3.45612757E-01
       114  H  -2.96152104E-01  -4.55836641E-01  -2.33937061E-01
       115  O   4.22269590E-01  -2.39733789E-01  -1.60319923E-02
       116  H  -8.92021780E-02   3.18939970E-01  -2.41434346E-01
       117  H  -2.52638635E-01  -1.01043741E-01   2.74296537E-01
       118  O   2.96884335E-01  -1.08835739E-01   3.37954274E-01
       119  H   2.33703603E-01   1.35138343E-01  -2.55095848E-01
       120  H  -4.82207480E-01  -4.06104856E-02  -1.16783493E-01
       121  O   1.01446252E-01  -2.31182755E-02  -4.46161224E-01
       122  H  -2.37263278E-01   2.54773855E-01   7.12745167E-02
       123  H   1.83748885E-01  -2.15822122E-01   3.38847593E-01
       124  O   3.08390583E-01   1.16145190E-01   2.67508931E-01
       125  H  -1.75742668E-01  -4.34015898E-01  -9.01267996E-02
       126  H  -1.37928940E-01   3.39990932E-01  -2.80200615E-01
       127  O   2.17204968E-01   1.45349717E-01   3.58929079E-01
       128  H  -1.79583826E-01   1.74663398E-01  -3.83723852E-01
       129  H   9.50505329E-03  -3.59196569E-01   3.65267115E-02
       130  O   1.77463461E-02   3.95371803E-01   1.19429812E-01
       131  H   1.65974976E-01  -3.32966123E-01   2.16850196E-01
       132  H  -1.95323458E-01  -1.13002947E-01  -3.93515512E-01
       133  O  -3.90738109E-01  -1.36618966E-01   4.05273611E-01
       134  H   5.23921511E-01   7.54394756E-03   1.43085705E-01
       135  H  -1.17780742E-01   8.38693063E-02  -5.54625726E-01
       136  O  -1.40263281E-01   5.63812621E-01   1.65909863E-01
       137  H   7.22886756E-02  -3.90236580E-01   2.99921598E-01
       138  H  -8.23778359E-02  -9.94683937E-02  -4.33324357E-01
       139  O  -1.63556080E-01   4.61165015E-02  -4.81408877E-01
       140  H  -3.05210018E-01  -1.06374766E-01   3.40005971E-01
       141  H   4.43851026E-01   4.62459579E-02   5.45706327E-02
       142  O  -1.65302820E-01  -2.26141278E-01   3.94668106E-01
       143  H  -2.02977457E-01  -7.69393847E-03  -3.52966697E-01
       144  H   3.18697713E-01   2.68363877E-01   7.15921160E-03
       145  O   2.09918362E-01   3.08495299E-01  -7.38622596E-02
       146  H  -2.70796688E-01  -1.09857498E-02   1.28672549E-01
       147  H   3.76262507E-02  -2.65343123E-01  -9.69981843E-02
       148  O   3.28124771E-01   2.95197068E-01   3.55010847E-01
       149  H   1.20132647E-01   7.03718533E-03  -4.46505906E-01
       150  H  -4.16520602E-01  -2.45734261E-01   1.69707332E-01
       151  O  -2.08231168E-01   1.76379874E-01   4.92158789E-01
       152  H   4.86016819E-01   1.60943491E-01  -3.68381764E-01
       153  H  -2.81930024E-01  -3.70010653E-01  -2.31492592E-01
       154  O  -3.93135156E-01  -1.65902936E-01   3.84564821E-01
       155  H   4.01585277E-03   5.70866468E-01  -8.71319819E-02
       156  H   3.69354367E-01  -3.91328056E-01  -2.22394534E-01
       157  O  -3.47914578E-02   4.03545557E-01   1.65602600E-01
       158  H   1.88259079E-01  -3.74138092E-01   5.73248086E-02
       159  H  -2.07490923E-01   1.08367518E-02  -2.74834484E-01
       160  O   1.25205037E-01  -6.74115295E-01   2.75653589E-01
       161  H   3.11341514E-01   9.52411743E-02  -3.04633196E-01
       162  H  -5.31580899E-01   4.53332782E-01   2.07213345E-02
       163  O   2.50476611E-01   1.48679753E-01   2.83915852E-01
       164  H  -2.33063822E-01  -4.38140013E-01   1.81671687E-01
       165  H  -5.40228278E-02   1.41567915E-01  -5.10321066E-01
       166  O  -3.35405462E-01  -1.73853037E-01   2.99884699E-02
       167  H   2.20437656E-01  -1.23894442E-02   2.01979134E-01
       168  H   1.25261412E-01   2.07481237E-01  -2.52625592E-01
       169  O  -2.55044990E-01   3.43920289E-01   2.60181401E-01
       170  H   4.15086721E-01   5.44169430E-03  -9.97994830E-02
       171  H  -1.49676375E-01  -3.53737499E-01  -2.85554304E-02
       172  O   5.57050571E-02  -3.87764415E-02   3.89955020E-01
       173  H  -2.51281853E-01  -1.27966067E-01  -8.32614368E-02
       174  H   1.95412354E-01   1.72885014E-01  -2.72149781E-01
       175  O   1.87469535E-01  -2.96737519E-01   2.07352154E-01
       176  H   1.61555212E-01   3.32863103E-01   1.75200901E-03
       177  H  -3.76811508E-01   1.15483571E-02  -1.79652803E-01
       178  O   3.09113669E-01  -3.72886249E-01   2.25279165E-01
       179  H  -2.53219578E-01  -1.20351656E-01   1.05754726E-01
       180  H  -2.05276010E-02   4.51852224E-01  -3.44682285E-01
       181  O   2.35077939E-01   9.91553597E-02  -4.16118482E-01
       182  H  -6.67484910E-02   2.19133527E-01   3.87609179E-01
       183  H  -2.14466862E-01  -2.65261072E-01  -6.36758903E-02
       184  O  -5.28317349E-01  -3.07075386E-01  -6.29652302E-02
       185  H   5.19945851E-01  -1.59745525E-01  -5.99444417E-02
       186  H  -5.61657349E-02   3.47413966E-01   2.54793771E-02
       187  O   9.54085463E-02   1.81303978E-01   5.25591868E-01
       188  H   1.16542040E-01  -4.15943246E-01  -6.09051474E-02
       189  H  -2.74130899E-01   2.19193154E-01  -3.54471521E-01
       190  O  -2.61517591E-01   3.14791584E-02  -2.37799982E-01
       191  H  -6.86279934E-02  -1.65779239E-01   4.36083015E-01
       192  H   3.21552526E-01   2.85947718E-02  -1.84809485E-01
-------------------------------------------------------------------------------
NNP charge:  -2.82937584E-01
NNP dipole:  -4.94102286E+00  -4.48840687E+00  -2.60633706E+00
