Time0(fs)	Time(fs)	Total Energy(Kcal/mol)	Potential Energy(kcal/mol)	Kinetic Energy(Kcal/mol)	T(t) (K)	Taver(K)	sigma(T)(K)	Index	muX	muY	muZ 
0.500000	0.500000	-95919.863724		-95923.714078			3.850354			322.930957	322.930957	0.000000	0	0.000000	0.000000	0.000000	 Running
1.000000	1.000000	-95872.779745		-95949.852380			77.072635			6464.117731	3393.524344	3070.593387	0	0.000000	0.000000	0.000000	 Running
1.500000	1.500000	-95865.986853		-96136.012067			270.025214			22647.140252	9811.396314	9416.148738	0	0.000000	0.000000	0.000000	 Running
2.000000	2.000000	-95802.367338		-96133.325676			330.958338			27757.629701	14297.954660	11264.346861	0	0.000000	0.000000	0.000000	 Running
2.500000	2.500000	-95860.896872		-96204.386715			343.489842			28808.652781	17200.094284	11627.470307	0	0.000000	0.000000	0.000000	 Running
3.000000	3.000000	-95852.148705		-96201.591025			349.442319			29307.889798	19218.060203	11533.689221	0	0.000000	0.000000	0.000000	 Running
3.500000	3.500000	-95844.642267		-96195.800479			351.158213			29451.802572	20680.023399	11262.605956	0	0.000000	0.000000	0.000000	 Running
4.000000	4.000000	-95861.754216		-96198.827422			337.073206			28270.486485	21628.831285	10830.150559	0	0.000000	0.000000	0.000000	 Running
4.500000	4.500000	-95809.325921		-96164.552282			355.226360			29792.999983	22535.961140	10528.189558	0	0.000000	0.000000	0.000000	 Running
5.000000	5.000000	-95807.886372		-96210.354614			402.468242			33755.198582	23657.884884	10539.777694	0	0.000000	0.000000	0.000000	 Running
5.500000	5.500000	-95824.299173		-96191.263423			366.964250			30777.462270	24305.119192	10255.594862	0	0.000000	0.000000	0.000000	 Running
6.000000	6.000000	-95756.993306		-96115.671321			358.678016			30082.491959	24786.566923	9947.973072	0	0.000000	0.000000	0.000000	 Running
6.500000	6.500000	-95867.737985		-96179.581873			311.843888			26154.491910	24891.791922	9564.651659	0	0.000000	0.000000	0.000000	 Running
7.000000	7.000000	-95913.417591		-96197.231889			283.814299			23803.637187	24814.066583	9220.988486	0	0.000000	0.000000	0.000000	 Running
7.500000	7.500000	-95887.403354		-96157.035127			269.631772			22614.142119	24667.404952	8925.207091	0	0.000000	0.000000	0.000000	 Running
8.000000	8.000000	-95864.809824		-96111.181153			246.371329			20663.277912	24417.147012	8695.978931	0	0.000000	0.000000	0.000000	 Running
8.500000	8.500000	-95845.736685		-96106.628946			260.892261			21881.155241	24267.971026	8457.414910	0	0.000000	0.000000	0.000000	 Running
9.000000	9.000000	-95877.965648		-96187.279807			309.314160			25942.322387	24360.990546	8228.073365	0	0.000000	0.000000	0.000000	 Running
9.500000	9.500000	-95889.956411		-96206.995257			317.038846			26590.195427	24478.317119	8024.073165	0	0.000000	0.000000	0.000000	 Running
10.000000	10.000000	-95857.408449		-96182.742362			325.333913			27285.906565	24618.696591	7844.799817	0	0.000000	0.000000	0.000000	 Running
10.500000	10.500000	-95845.378781		-96166.182421			320.803641			26905.950513	24727.613444	7671.220470	0	0.000000	0.000000	0.000000	 Running
11.000000	11.000000	-95836.558598		-96157.265958			320.707360			26897.875423	24826.261716	7508.468062	0	0.000000	0.000000	0.000000	 Running
11.500000	11.500000	-95844.280899		-96149.151544			304.870645			25569.642754	24858.582631	7344.991273	0	0.000000	0.000000	0.000000	 Running
12.000000	12.000000	-95785.958141		-96060.856368			274.898227			23055.842109	24783.468442	7199.360760	0	0.000000	0.000000	0.000000	 Running
12.500000	12.500000	-95805.045266		-96034.993599			229.948333			19285.873590	24563.564648	7135.695329	0	0.000000	0.000000	0.000000	 Running
13.000000	13.000000	-95726.426265		-95911.669363			185.243099			15536.424806	24216.366962	7209.258863	0	0.000000	0.000000	0.000000	 Running
13.500000	13.500000	-95727.132104		-95881.899440			154.767336			12980.408441	23800.220350	7385.871661	0	0.000000	0.000000	0.000000	 Running
14.000000	14.000000	-95742.981982		-95880.055770			137.073788			11496.442342	23360.799707	7603.702398	0	0.000000	0.000000	0.000000	 Running
14.500000	14.500000	-95712.073518		-95857.821640			145.748122			12223.962752	22976.770846	7742.868565	0	0.000000	0.000000	0.000000	 Running
15.000000	15.000000	-95662.699843		-95842.072738			179.372895			15044.088086	22712.348088	7744.757945	0	0.000000	0.000000	0.000000	 Running
15.500000	15.500000	-95661.377830		-95809.315449			147.937619			12407.596898	22379.936759	7833.346316	0	0.000000	0.000000	0.000000	 Running
16.000000	16.000000	-95663.146432		-95810.983899			147.837467			12399.197053	22068.038643	7903.130197	0	0.000000	0.000000	0.000000	 Running
16.500000	16.500000	-95658.015544		-95840.225176			182.209631			15282.006508	21862.401306	7868.921823	0	0.000000	0.000000	0.000000	 Running
17.000000	17.000000	-95675.151162		-95907.625753			232.474591			19497.752042	21792.852798	7762.626943	0	0.000000	0.000000	0.000000	 Running
17.500000	17.500000	-95738.843671		-95985.902224			247.058554			20720.915770	21762.226026	7653.012552	0	0.000000	0.000000	0.000000	 Running
18.000000	18.000000	-95700.122165		-95984.563447			284.441283			23856.222626	21820.392598	7553.814452	0	0.000000	0.000000	0.000000	 Running
18.500000	18.500000	-95700.489035		-96025.482350			324.993315			27257.340398	21967.337133	7503.018369	0	0.000000	0.000000	0.000000	 Running
19.000000	19.000000	-95685.069330		-96019.651353			334.582023			28061.549812	22127.711151	7467.627691	0	0.000000	0.000000	0.000000	 Running
19.500000	19.500000	-95667.961860		-96019.356032			351.394172			29471.592626	22316.015804	7462.104801	0	0.000000	0.000000	0.000000	 Running
20.000000	20.000000	-95664.248726		-96011.949714			347.700988			29161.843498	22487.161497	7445.352640	0	0.000000	0.000000	0.000000	 Running
20.500000	20.500000	-95690.511896		-96008.696479			318.184583			26686.288882	22589.579238	7382.467106	0	0.000000	0.000000	0.000000	 Running
21.000000	21.000000	-95715.829525		-96008.272488			292.442963			24527.327304	22635.716096	7300.031163	0	0.000000	0.000000	0.000000	 Running
21.500000	21.500000	-95655.969884		-95936.704764			280.734880			23545.364913	22656.870720	7215.950238	0	0.000000	0.000000	0.000000	 Running
22.000000	22.000000	-95607.511046		-95856.833065			249.322019			20910.753645	22617.186241	7138.224502	0	0.000000	0.000000	0.000000	 Running
22.500000	22.500000	-95599.375356		-95856.784366			257.409010			21589.013344	22594.337954	7060.092233	0	0.000000	0.000000	0.000000	 Running
23.000000	23.000000	-95612.115004		-95893.068719			280.953714			23563.718645	22615.411448	6984.361220	0	0.000000	0.000000	0.000000	 Running
23.500000	23.500000	-95608.505994		-95894.579053			286.073059			23993.080432	22644.723554	6912.519425	0	0.000000	0.000000	0.000000	 Running
24.000000	24.000000	-95612.466354		-95889.110338			276.643985			23202.259618	22656.338888	6840.598530	0	0.000000	0.000000	0.000000	 Running
24.500000	24.500000	-95613.990042		-95877.387825			263.397783			22091.294508	22644.807371	6770.908050	0	0.000000	0.000000	0.000000	 Running
25.000000	25.000000	-95614.675637		-95864.084035			249.408399			20917.998359	22610.271190	6707.215260	0	0.000000	0.000000	0.000000	 Running
25.500000	25.500000	-95615.779106		-95853.852457			238.073352			19967.322688	22558.448671	6651.234649	0	0.000000	0.000000	0.000000	 Running
26.000000	26.000000	-95618.131771		-95856.919405			238.787634			20027.229881	22509.771386	6596.136538	0	0.000000	0.000000	0.000000	 Running
26.500000	26.500000	-95622.932041		-95876.431157			253.499116			21261.088718	22486.211336	6535.821014	0	0.000000	0.000000	0.000000	 Running
27.000000	27.000000	-95621.208101		-95903.938859			282.730758			23712.760129	22508.925202	6477.132492	0	0.000000	0.000000	0.000000	 Running
27.500000	27.500000	-95623.734666		-95923.360108			299.625442			25129.725136	22556.576110	6427.524557	0	0.000000	0.000000	0.000000	 Running
28.000000	28.000000	-95627.476279		-95919.268186			291.791907			24472.722917	22590.793018	6374.929986	0	0.000000	0.000000	0.000000	 Running
28.500000	28.500000	-95626.167216		-95896.698747			270.531531			22689.605258	22592.526566	6318.775424	0	0.000000	0.000000	0.000000	 Running
29.000000	29.000000	-95627.020686		-95880.530823			253.510137			21262.013060	22569.586678	6266.460183	0	0.000000	0.000000	0.000000	 Running
29.500000	29.500000	-95627.606357		-95870.555816			242.949460			20376.284139	22532.412058	6219.574605	0	0.000000	0.000000	0.000000	 Running
30.000000	30.000000	-95630.719083		-95865.254850			234.535766			19670.623781	22484.715587	6178.398825	0	0.000000	0.000000	0.000000	 Running
30.500000	30.500000	-95632.854338		-95865.094624			232.240287			19478.100825	22435.426820	6139.429491	0	0.000000	0.000000	0.000000	 Running
31.000000	31.000000	-95634.758629		-95863.902890			229.144262			19218.435762	22383.539868	6103.185808	0	0.000000	0.000000	0.000000	 Running
31.500000	31.500000	-95637.933348		-95861.513883			223.580535			18751.803439	22325.893258	6071.545038	0	0.000000	0.000000	0.000000	 Running
32.000000	32.000000	-95639.162100		-95859.415235			220.253135			18472.732868	22265.687627	6042.848808	0	0.000000	0.000000	0.000000	 Running
32.500000	32.500000	-95642.252437		-95858.930546			216.678109			18172.893760	22202.721567	6017.306635	0	0.000000	0.000000	0.000000	 Running
33.000000	33.000000	-95644.062727		-95858.934840			214.872113			18021.423998	22139.368574	5993.351109	0	0.000000	0.000000	0.000000	 Running
33.500000	33.500000	-95647.020395		-95858.681745			211.661350			17752.135872	22073.887489	5972.196183	0	0.000000	0.000000	0.000000	 Running
34.000000	34.000000	-95648.034040		-95857.500949			209.466908			17568.087003	22007.625717	5952.880175	0	0.000000	0.000000	0.000000	 Running
34.500000	34.500000	-95650.931765		-95856.066173			205.134408			17204.718152	21938.018361	5937.396595	0	0.000000	0.000000	0.000000	 Running
35.000000	35.000000	-95652.569032		-95854.621452			202.052420			16946.230389	21866.707104	5924.521417	0	0.000000	0.000000	0.000000	 Running
35.500000	35.500000	-95655.729083		-95853.163398			197.434316			16558.907846	21791.949368	5915.809227	0	0.000000	0.000000	0.000000	 Running
36.000000	36.000000	-95656.677191		-95851.648110			194.970919			16352.301636	21716.398705	5908.975651	0	0.000000	0.000000	0.000000	 Running
36.500000	36.500000	-95658.778819		-95850.074177			191.295358			16044.030637	21638.695033	5905.287287	0	0.000000	0.000000	0.000000	 Running
37.000000	37.000000	-95662.650323		-95848.494535			185.844212			15586.840479	21556.913215	5906.726035	0	0.000000	0.000000	0.000000	 Running
37.500000	37.500000	-95665.502458		-95846.999891			181.497433			15222.274077	21472.451360	5912.031956	0	0.000000	0.000000	0.000000	 Running
38.000000	38.000000	-95666.618686		-95845.704572			179.085885			15020.016478	21387.550901	5918.853952	0	0.000000	0.000000	0.000000	 Running
38.500000	38.500000	-95668.151725		-95844.721789			176.570064			14809.013356	21302.115348	5927.276104	0	0.000000	0.000000	0.000000	 Running
39.000000	39.000000	-95667.456809		-95844.111335			176.654526			14816.097228	21218.961270	5934.189776	0	0.000000	0.000000	0.000000	 Running
39.500000	39.500000	-95668.884566		-95843.872709			174.988143			14676.336892	21136.143239	5941.703645	0	0.000000	0.000000	0.000000	 Running
40.000000	40.000000	-95671.115202		-95843.933493			172.818291			14494.350446	21053.120830	5950.383945	0	0.000000	0.000000	0.000000	 Running
40.500000	40.500000	-95674.206765		-95844.184726			169.977961			14256.130645	20969.207370	5960.978299	0	0.000000	0.000000	0.000000	 Running
41.000000	41.000000	-95674.800757		-95844.514450			169.713693			14233.966309	20887.070284	5970.460316	0	0.000000	0.000000	0.000000	 Running
41.500000	41.500000	-95675.574340		-95844.810377			169.236037			14193.905091	20806.429740	5979.143694	0	0.000000	0.000000	0.000000	 Running
42.000000	42.000000	-95676.537502		-95844.976193			168.438690			14127.031258	20726.913091	5987.433730	0	0.000000	0.000000	0.000000	 Running
42.500000	42.500000	-95679.448736		-95844.998664			165.549928			13884.749437	20646.417048	5997.657288	0	0.000000	0.000000	0.000000	 Running
43.000000	43.000000	-95678.778916		-95844.982293			166.203376			13939.554443	20568.430274	6005.878767	0	0.000000	0.000000	0.000000	 Running
43.500000	43.500000	-95678.990924		-95845.043029			166.052105			13926.867251	20492.090469	6013.082675	0	0.000000	0.000000	0.000000	 Running
44.000000	44.000000	-95680.877375		-95845.221054			164.343679			13783.580783	20415.857404	6020.953843	0	0.000000	0.000000	0.000000	 Running
44.500000	44.500000	-95684.263101		-95845.504778			161.241677			13523.414426	20338.414225	6030.948174	0	0.000000	0.000000	0.000000	 Running
45.000000	45.000000	-95684.080674		-95845.873215			161.792541			13569.615620	20263.205351	6039.173466	0	0.000000	0.000000	0.000000	 Running
45.500000	45.500000	-95684.767716		-95846.296898			161.529182			13547.527591	20189.406695	6046.568524	0	0.000000	0.000000	0.000000	 Running
46.000000	46.000000	-95687.807430		-95846.740978			158.933549			13329.830640	20114.846085	6055.533315	0	0.000000	0.000000	0.000000	 Running
46.500000	46.500000	-95687.108708		-95847.177017			160.068309			13425.003488	20042.912294	6062.280056	0	0.000000	0.000000	0.000000	 Running
47.000000	47.000000	-95688.719074		-95847.571385			158.852311			13323.017153	19971.424048	6069.229918	0	0.000000	0.000000	0.000000	 Running
47.500000	47.500000	-95689.984472		-95847.904022			157.919550			13244.786092	19900.617333	6076.107857	0	0.000000	0.000000	0.000000	 Running
48.000000	48.000000	-95691.462237		-95848.165141			156.702903			13142.745367	19830.222833	6083.196076	0	0.000000	0.000000	0.000000	 Running
48.500000	48.500000	-95693.943854		-95848.353217			154.409364			12950.385128	19759.296671	6091.527459	0	0.000000	0.000000	0.000000	 Running
49.000000	49.000000	-95696.992518		-95848.470571			151.478053			12704.534724	19687.309304	6101.699639	0	0.000000	0.000000	0.000000	 Running
49.500000	49.500000	-95698.124728		-95848.517420			150.392692			12613.504992	19615.856735	6111.874216	0	0.000000	0.000000	0.000000	 Running
50.000000	50.000000	-95698.062471		-95848.487645			150.425174			12616.229314	19545.860461	6120.988869	0	0.000000	0.000000	0.000000	 Running
50.500000	50.500000	-95698.386989		-95848.372231			149.985242			12579.331954	19476.884931	6129.544160	0	0.000000	0.000000	0.000000	 Running
51.000000	51.000000	-95699.728605		-95848.165339			148.436734			12449.457903	19407.988588	6138.597783	0	0.000000	0.000000	0.000000	 Running
51.500000	51.500000	-95701.280632		-95847.868282			146.587650			12294.374377	19338.924372	6148.419364	0	0.000000	0.000000	0.000000	 Running
52.000000	52.000000	-95699.840014		-95847.486080			147.646065			12383.144139	19272.041870	6156.323288	0	0.000000	0.000000	0.000000	 Running
52.500000	52.500000	-95700.334666		-95847.036635			146.701969			12303.962320	19205.679208	6164.201274	0	0.000000	0.000000	0.000000	 Running
53.000000	53.000000	-95701.454401		-95846.543147			145.088746			12168.660572	19139.292239	6172.655071	0	0.000000	0.000000	0.000000	 Running
53.500000	53.500000	-95704.080477		-95846.031935			141.951459			11905.534835	19071.687030	6183.045323	0	0.000000	0.000000	0.000000	 Running
54.000000	54.000000	-95706.516276		-95845.522843			139.006568			11658.545473	19003.046830	6195.175184	0	0.000000	0.000000	0.000000	 Running
54.500000	54.500000	-95709.744677		-95845.031351			135.286674			11346.556249	18932.803798	6209.747556	0	0.000000	0.000000	0.000000	 Running
55.000000	55.000000	-95710.789696		-95844.561120			133.771425			11219.471574	18862.682596	6224.657551	0	0.000000	0.000000	0.000000	 Running
55.500000	55.500000	-95713.380103		-95844.118253			130.738150			10965.069436	18791.532927	6241.325628	0	0.000000	0.000000	0.000000	 Running
56.000000	56.000000	-95716.673050		-95843.705922			127.032872			10654.306068	18718.879116	6260.372408	0	0.000000	0.000000	0.000000	 Running
56.500000	56.500000	-95719.339703		-95843.323915			123.984212			10398.613486	18645.248447	6281.133159	0	0.000000	0.000000	0.000000	 Running
57.000000	57.000000	-95720.988019		-95842.970269			121.982250			10230.707987	18571.436689	6302.555186	0	0.000000	0.000000	0.000000	 Running
57.500000	57.500000	-95721.501670		-95842.641925			121.140254			10160.089444	18498.294539	6323.501061	0	0.000000	0.000000	0.000000	 Running
58.000000	58.000000	-95721.925723		-95842.336757			120.411034			10098.929446	18425.886219	6343.886347	0	0.000000	0.000000	0.000000	 Running
58.500000	58.500000	-95723.372744		-95842.054031			118.681287			9953.854757	18353.475693	6364.679214	0	0.000000	0.000000	0.000000	 Running
59.000000	59.000000	-95724.664593		-95841.791527			117.126934			9823.490429	18281.187683	6385.705427	0	0.000000	0.000000	0.000000	 Running
59.500000	59.500000	-95725.721351		-95841.546824			115.825473			9714.336257	18209.197335	6406.724278	0	0.000000	0.000000	0.000000	 Running
60.000000	60.000000	-95726.939938		-95841.317991			114.378053			9592.940509	18137.395194	6427.874854	0	0.000000	0.000000	0.000000	 Running
60.500000	60.500000	-95727.663397		-95841.102546			113.439149			9514.194137	18066.129070	6448.687528	0	0.000000	0.000000	0.000000	 Running
61.000000	61.000000	-95729.147870		-95840.899455			111.751586			9372.657440	17994.871106	6469.861428	0	0.000000	0.000000	0.000000	 Running
61.500000	61.500000	-95729.313104		-95840.705922			111.392818			9342.567437	17924.527174	6490.183183	0	0.000000	0.000000	0.000000	 Running
62.000000	62.000000	-95731.215207		-95840.522096			109.306889			9167.619633	17853.906951	6511.237047	0	0.000000	0.000000	0.000000	 Running
62.500000	62.500000	-95731.332949		-95840.345279			109.012329			9142.914756	17784.219014	6531.403593	0	0.000000	0.000000	0.000000	 Running
63.000000	63.000000	-95731.580226		-95840.174361			108.594135			9107.840632	17715.358868	6550.830673	0	0.000000	0.000000	0.000000	 Running
63.500000	63.500000	-95733.053074		-95840.009283			106.956209			8970.466970	17646.501451	6570.608129	0	0.000000	0.000000	0.000000	 Running
64.000000	64.000000	-95735.136442		-95839.849621			104.713179			8782.342996	17577.250214	6591.256419	0	0.000000	0.000000	0.000000	 Running
64.500000	64.500000	-95735.279448		-95839.692874			104.413425			8757.202534	17508.877751	6611.070598	0	0.000000	0.000000	0.000000	 Running
65.000000	65.000000	-95737.079719		-95839.539217			102.459498			8593.325755	17440.296582	6631.499687	0	0.000000	0.000000	0.000000	 Running
65.500000	65.500000	-95737.565918		-95839.386616			101.820698			8539.749272	17372.353472	6651.406018	0	0.000000	0.000000	0.000000	 Running
66.000000	66.000000	-95738.315722		-95839.234187			100.918465			8464.078595	17304.866542	6671.032832	0	0.000000	0.000000	0.000000	 Running
66.500000	66.500000	-95739.859928		-95839.081656			99.221728			8321.772454	17237.324481	6691.057255	0	0.000000	0.000000	0.000000	 Running
67.000000	67.000000	-95740.709129		-95838.927843			98.218714			8237.649188	17170.162725	6710.891458	0	0.000000	0.000000	0.000000	 Running
67.500000	67.500000	-95742.078641		-95838.772797			96.694156			8109.783826	17103.048807	6730.975927	0	0.000000	0.000000	0.000000	 Running
68.000000	68.000000	-95742.002354		-95838.615271			96.612917			8102.970249	17036.871759	6750.120261	0	0.000000	0.000000	0.000000	 Running
68.500000	68.500000	-95743.092876		-95838.456477			95.363600			7998.189506	16970.895976	6769.307204	0	0.000000	0.000000	0.000000	 Running
69.000000	69.000000	-95745.682138		-95838.298578			92.616440			7767.783882	16904.206758	6789.754519	0	0.000000	0.000000	0.000000	 Running
69.500000	69.500000	-95746.523853		-95838.141291			91.617438			7683.997143	16837.874315	6810.015072	0	0.000000	0.000000	0.000000	 Running
70.000000	70.000000	-95747.751264		-95837.986223			90.234959			7568.047993	16771.661270	6830.405934	0	0.000000	0.000000	0.000000	 Running
70.500000	70.500000	-95750.432602		-95837.836202			87.403600			7330.580566	16704.703250	6852.097147	0	0.000000	0.000000	0.000000	 Running
71.000000	71.000000	-95751.682922		-95837.691584			86.008662			7213.586477	16637.864400	6873.899964	0	0.000000	0.000000	0.000000	 Running
71.500000	71.500000	-95751.995970		-95837.552887			85.556917			7175.698404	16571.695407	6895.056294	0	0.000000	0.000000	0.000000	 Running
72.000000	72.000000	-95752.432530		-95837.421332			84.988802			7128.050311	16506.114538	6915.683010	0	0.000000	0.000000	0.000000	 Running
72.500000	72.500000	-95753.471851		-95837.298400			83.826549			7030.571658	16440.765967	6936.265215	0	0.000000	0.000000	0.000000	 Running
73.000000	73.000000	-95755.368620		-95837.185652			81.817033			6862.032564	16375.158204	6957.469175	0	0.000000	0.000000	0.000000	 Running
73.500000	73.500000	-95756.659018		-95837.083432			80.424415			6745.233047	16309.648509	6978.799623	0	0.000000	0.000000	0.000000	 Running
74.000000	74.000000	-95757.040719		-95836.991675			79.950955			6705.523808	16244.755774	6999.542296	0	0.000000	0.000000	0.000000	 Running
74.500000	74.500000	-95756.801744		-95836.910327			80.108583			6718.744140	16180.822810	7019.238921	0	0.000000	0.000000	0.000000	 Running
75.000000	75.000000	-95757.800677		-95836.840241			79.039564			6629.084968	16117.144558	7038.851704	0	0.000000	0.000000	0.000000	 Running
75.500000	75.500000	-95758.976205		-95836.781692			77.805487			6525.582348	16053.624278	7058.508465	0	0.000000	0.000000	0.000000	 Running
76.000000	76.000000	-95759.697753		-95836.734627			77.036873			6461.118385	15990.515687	7077.863287	0	0.000000	0.000000	0.000000	 Running
76.500000	76.500000	-95760.807029		-95836.699233			75.892204			6365.114430	15927.604568	7097.204369	0	0.000000	0.000000	0.000000	 Running
77.000000	77.000000	-95760.514011		-95836.675186			76.161175			6387.673161	15865.656961	7115.501973	0	0.000000	0.000000	0.000000	 Running
77.500000	77.500000	-95763.118797		-95836.662988			73.544191			6168.185525	15803.092629	7134.880680	0	0.000000	0.000000	0.000000	 Running
78.000000	78.000000	-95763.471527		-95836.662508			73.190982			6138.561653	15741.140508	7153.677278	0	0.000000	0.000000	0.000000	 Running
78.500000	78.500000	-95764.710876		-95836.673754			71.962878			6035.559996	15679.321523	7172.538609	0	0.000000	0.000000	0.000000	 Running
79.000000	79.000000	-95766.377834		-95836.696737			70.318903			5897.679101	15617.412394	7191.762447	0	0.000000	0.000000	0.000000	 Running
79.500000	79.500000	-95767.010685		-95836.731648			69.720963			5847.529624	15555.966591	7210.596208	0	0.000000	0.000000	0.000000	 Running
80.000000	80.000000	-95767.692947		-95836.778453			69.085505			5794.233456	15494.955758	7229.079641	0	0.000000	0.000000	0.000000	 Running
80.500000	80.500000	-95768.166960		-95836.837172			68.670212			5759.402641	15434.486484	7247.071409	0	0.000000	0.000000	0.000000	 Running
81.000000	81.000000	-95770.152738		-95836.907107			66.754369			5598.719932	15373.771876	7265.626928	0	0.000000	0.000000	0.000000	 Running
81.500000	81.500000	-95770.312951		-95836.989087			66.676137			5592.158596	15313.761979	7283.465256	0	0.000000	0.000000	0.000000	 Running
82.000000	82.000000	-95770.312246		-95837.082942			66.770696			5600.089360	15254.532268	7300.495004	0	0.000000	0.000000	0.000000	 Running
82.500000	82.500000	-95770.199961		-95837.188345			66.988384			5618.346949	15196.131144	7316.663663	0	0.000000	0.000000	0.000000	 Running
83.000000	83.000000	-95771.688777		-95837.303533			65.614757			5503.140155	15137.739632	7333.052204	0	0.000000	0.000000	0.000000	 Running
83.500000	83.500000	-95772.999844		-95837.428037			64.428193			5403.622528	15079.451506	7349.533497	0	0.000000	0.000000	0.000000	 Running
84.000000	84.000000	-95773.402005		-95837.561866			64.159861			5381.117351	15021.723327	7365.504435	0	0.000000	0.000000	0.000000	 Running
84.500000	84.500000	-95773.789240		-95837.703902			63.914662			5360.552424	14964.556635	7380.967073	0	0.000000	0.000000	0.000000	 Running
85.000000	85.000000	-95773.189043		-95837.853808			64.664765			5423.463934	14908.432560	7395.305756	0	0.000000	0.000000	0.000000	 Running
85.500000	85.500000	-95774.063109		-95838.008266			63.945157			5363.110023	14852.611961	7409.482381	0	0.000000	0.000000	0.000000	 Running
86.000000	86.000000	-95773.828625		-95838.166886			64.338261			5396.079859	14797.632123	7422.811895	0	0.000000	0.000000	0.000000	 Running
86.500000	86.500000	-95773.967659		-95838.327363			64.359704			5397.878334	14743.298286	7435.551265	0	0.000000	0.000000	0.000000	 Running
87.000000	87.000000	-95775.244891		-95838.486677			63.241786			5304.117987	14689.050123	7448.408832	0	0.000000	0.000000	0.000000	 Running
87.500000	87.500000	-95776.679601		-95838.643424			61.963824			5196.934706	14634.809464	7461.480349	0	0.000000	0.000000	0.000000	 Running
88.000000	88.000000	-95777.660222		-95838.797327			61.137105			5127.597405	14580.791213	7474.490365	0	0.000000	0.000000	0.000000	 Running
88.500000	88.500000	-95778.557200		-95838.948086			60.390886			5065.011721	14527.029747	7487.393386	0	0.000000	0.000000	0.000000	 Running
89.000000	89.000000	-95779.012988		-95839.096398			60.083410			5039.223513	14473.727465	7499.932702	0	0.000000	0.000000	0.000000	 Running
89.500000	89.500000	-95779.943015		-95839.242494			59.299479			4973.474877	14420.653428	7512.399768	0	0.000000	0.000000	0.000000	 Running
90.000000	90.000000	-95780.829790		-95839.387953			58.558163			4911.300364	14367.823689	7524.772539	0	0.000000	0.000000	0.000000	 Running
90.500000	90.500000	-95780.983082		-95839.535777			58.552695			4910.841756	14315.575170	7536.627582	0	0.000000	0.000000	0.000000	 Running
91.000000	91.000000	-95781.932289		-95839.687608			57.755319			4843.965430	14263.533358	7548.435244	0	0.000000	0.000000	0.000000	 Running
91.500000	91.500000	-95783.270832		-95839.846042			56.575210			4744.989184	14211.519456	7560.417042	0	0.000000	0.000000	0.000000	 Running
92.000000	92.000000	-95783.116552		-95840.016631			56.900079			4772.236085	14160.219003	7571.714598	0	0.000000	0.000000	0.000000	 Running
92.500000	92.500000	-95783.995959		-95840.201528			56.205569			4713.987242	14109.158290	7582.920910	0	0.000000	0.000000	0.000000	 Running
93.000000	93.000000	-95784.428503		-95840.405211			55.976708			4694.792519	14058.543421	7593.779762	0	0.000000	0.000000	0.000000	 Running
93.500000	93.500000	-95785.051684		-95840.630866			55.579182			4661.451823	14008.291594	7604.394469	0	0.000000	0.000000	0.000000	 Running
94.000000	94.000000	-95784.987464		-95840.882831			55.895368			4687.970465	13958.715418	7614.383355	0	0.000000	0.000000	0.000000	 Running
94.500000	94.500000	-95784.951679		-95841.162837			56.211158			4714.455938	13909.803992	7623.767123	0	0.000000	0.000000	0.000000	 Running
95.000000	95.000000	-95786.026851		-95841.468176			55.441325			4649.889717	13861.067601	7633.140924	0	0.000000	0.000000	0.000000	 Running
95.500000	95.500000	-95786.660251		-95841.798865			55.138614			4624.501165	13812.708614	7642.258910	0	0.000000	0.000000	0.000000	 Running
96.000000	96.000000	-95787.504622		-95842.153440			54.648818			4583.421800	13764.639412	7651.226498	0	0.000000	0.000000	0.000000	 Running
96.500000	96.500000	-95787.881200		-95842.535538			54.654338			4583.884766	13717.070735	7659.790981	0	0.000000	0.000000	0.000000	 Running
97.000000	97.000000	-95787.819255		-95842.953795			55.134540			4624.159481	13670.200059	7667.721752	0	0.000000	0.000000	0.000000	 Running
97.500000	97.500000	-95788.278888		-95843.416942			55.138055			4624.454273	13623.811619	7675.279509	0	0.000000	0.000000	0.000000	 Running
98.000000	98.000000	-95788.880021		-95843.932192			55.052170			4617.251132	13577.859780	7682.519847	0	0.000000	0.000000	0.000000	 Running
98.500000	98.500000	-95789.514215		-95844.494491			54.980276			4611.221313	13532.343848	7689.445029	0	0.000000	0.000000	0.000000	 Running
99.000000	99.000000	-95789.694629		-95845.078601			55.383973			4645.079542	13487.458675	7695.832152	0	0.000000	0.000000	0.000000	 Running
99.500000	99.500000	-95790.769519		-95845.623326			54.853807			4600.614266	13442.801165	7702.148097	0	0.000000	0.000000	0.000000	 Running
100.000000	100.000000	-95790.390702		-95846.051783			55.661082			4668.320792	13398.928764	7707.756004	0	0.000000	0.000000	0.000000	 Running
100.500000	100.500000	-95790.546172		-95846.270850			55.724677			4673.654598	13355.519439	7713.028383	0	0.000000	0.000000	0.000000	 Running
101.000000	101.000000	-95790.749611		-95846.230142			55.480531			4653.177967	13312.438541	7718.118075	0	0.000000	0.000000	0.000000	 Running
101.500000	101.500000	-95790.867108		-95845.963605			55.096497			4620.968847	13269.623419	7723.094895	0	0.000000	0.000000	0.000000	 Running
102.000000	102.000000	-95790.628863		-95845.596906			54.968043			4610.195308	13227.175242	7727.844884	0	0.000000	0.000000	0.000000	 Running
102.500000	102.500000	-95790.168912		-95845.306899			55.137987			4624.448645	13185.210722	7732.238987	0	0.000000	0.000000	0.000000	 Running
103.000000	103.000000	-95790.668257		-95845.241990			54.573732			4577.124308	13143.423895	7736.617320	0	0.000000	0.000000	0.000000	 Running
103.500000	103.500000	-95791.652825		-95845.433669			53.780843			4510.624339	13101.719549	7741.083760	0	0.000000	0.000000	0.000000	 Running
104.000000	104.000000	-95791.897652		-95845.784311			53.886659			4519.499172	13060.458874	7745.236315	0	0.000000	0.000000	0.000000	 Running
104.500000	104.500000	-95791.535060		-95846.123454			54.588394			4578.353973	13019.874640	7748.822557	0	0.000000	0.000000	0.000000	 Running
105.000000	105.000000	-95792.279853		-95846.288628			54.008775			4529.741099	12979.445433	7752.415163	0	0.000000	0.000000	0.000000	 Running
105.500000	105.500000	-95792.886934		-95846.202799			53.315865			4471.626369	12939.124016	7756.063984	0	0.000000	0.000000	0.000000	 Running
106.000000	106.000000	-95792.135138		-95845.877377			53.742239			4507.386611	12899.351670	7759.287303	0	0.000000	0.000000	0.000000	 Running
106.500000	106.500000	-95792.641085		-95845.392063			52.750978			4424.249051	12859.562455	7762.700183	0	0.000000	0.000000	0.000000	 Running
107.000000	107.000000	-95792.682718		-95844.838036			52.155318			4374.290736	12819.911653	7766.131809	0	0.000000	0.000000	0.000000	 Running
107.500000	107.500000	-95793.261155		-95844.290965			51.029810			4279.893908	12780.190640	7769.808170	0	0.000000	0.000000	0.000000	 Running
108.000000	108.000000	-95793.726351		-95843.792013			50.065662			4199.030388	12740.463046	7773.658032	0	0.000000	0.000000	0.000000	 Running
108.500000	108.500000	-95794.792652		-95843.358110			48.565458			4073.207557	12700.521777	7777.908905	0	0.000000	0.000000	0.000000	 Running
109.000000	109.000000	-95794.210202		-95842.977995			48.767793			4090.177475	12661.024785	7781.830481	0	0.000000	0.000000	0.000000	 Running
109.500000	109.500000	-95794.329762		-95842.642478			48.312717			4052.010024	12621.714215	7785.708069	0	0.000000	0.000000	0.000000	 Running
110.000000	110.000000	-95795.601157		-95842.342968			46.741811			3920.257391	12582.162138	7790.013703	0	0.000000	0.000000	0.000000	 Running
110.500000	110.500000	-95795.054198		-95842.065491			47.011293			3942.859013	12543.070269	7793.967037	0	0.000000	0.000000	0.000000	 Running
111.000000	111.000000	-95795.382012		-95841.809460			46.427447			3893.891594	12504.110005	7797.932308	0	0.000000	0.000000	0.000000	 Running
111.500000	111.500000	-95796.278063		-95841.576408			45.298345			3799.193260	12465.074504	7802.137195	0	0.000000	0.000000	0.000000	 Running
112.000000	112.000000	-95796.136670		-95841.364501			45.227831			3793.279233	12426.361132	7806.138900	0	0.000000	0.000000	0.000000	 Running
112.500000	112.500000	-95796.987562		-95841.176271			44.188709			3706.127581	12387.604538	7810.342067	0	0.000000	0.000000	0.000000	 Running
113.000000	113.000000	-95797.969597		-95841.011010			43.041413			3609.903346	12348.765153	7814.789654	0	0.000000	0.000000	0.000000	 Running
113.500000	113.500000	-95798.303838		-95840.865600			42.561761			3569.674726	12310.090745	7819.202822	0	0.000000	0.000000	0.000000	 Running
114.000000	114.000000	-95799.249598		-95840.738668			41.489070			3479.707568	12271.360995	7823.827306	0	0.000000	0.000000	0.000000	 Running
114.500000	114.500000	-95799.834398		-95840.627022			40.792624			3421.296317	12232.714424	7828.505752	0	0.000000	0.000000	0.000000	 Running
115.000000	115.000000	-95800.569395		-95840.528295			39.958900			3351.371496	12194.099890	7833.294418	0	0.000000	0.000000	0.000000	 Running
115.500000	115.500000	-95800.546798		-95840.439196			39.892398			3345.793997	12155.795535	7837.878092	0	0.000000	0.000000	0.000000	 Running
116.000000	116.000000	-95801.274599		-95840.358432			39.083833			3277.979284	12117.529086	7842.563142	0	0.000000	0.000000	0.000000	 Running
116.500000	116.500000	-95802.293338		-95840.284365			37.991028			3186.325142	12079.197738	7847.464498	0	0.000000	0.000000	0.000000	 Running
117.000000	117.000000	-95803.066677		-95840.215077			37.148400			3115.653563	12040.891994	7852.478145	0	0.000000	0.000000	0.000000	 Running
117.500000	117.500000	-95804.311964		-95840.149602			35.837638			3005.719378	12002.444451	7857.793966	0	0.000000	0.000000	0.000000	 Running
118.000000	118.000000	-95804.827144		-95840.086130			35.258986			2957.187532	11964.117091	7863.110504	0	0.000000	0.000000	0.000000	 Running
118.500000	118.500000	-95804.677827		-95840.023101			35.345274			2964.424562	11926.143705	7868.159495	0	0.000000	0.000000	0.000000	 Running
119.000000	119.000000	-95806.098772		-95839.961262			33.862490			2840.062754	11887.966894	7873.578386	0	0.000000	0.000000	0.000000	 Running
119.500000	119.500000	-95806.004549		-95839.898833			33.894284			2842.729396	11850.120712	7878.752822	0	0.000000	0.000000	0.000000	 Running
120.000000	120.000000	-95806.576863		-95839.836201			33.259338			2789.476181	11812.368027	7883.954570	0	0.000000	0.000000	0.000000	 Running
120.500000	120.500000	-95807.011851		-95839.773297			32.761446			2747.717722	11774.755370	7889.129150	0	0.000000	0.000000	0.000000	 Running
121.000000	121.000000	-95807.060691		-95839.709974			32.649283			2738.310518	11737.414689	7894.124912	0	0.000000	0.000000	0.000000	 Running
121.500000	121.500000	-95807.625466		-95839.647167			32.021701			2685.674910	11700.164731	7899.148567	0	0.000000	0.000000	0.000000	 Running
122.000000	122.000000	-95808.244734		-95839.585589			31.340856			2628.572129	11662.986072	7904.221145	0	0.000000	0.000000	0.000000	 Running
122.500000	122.500000	-95808.739999		-95839.525896			30.785897			2582.027518	11625.920935	7909.293146	0	0.000000	0.000000	0.000000	 Running
123.000000	123.000000	-95808.703463		-95839.468365			30.764902			2580.266648	11589.149983	7914.157370	0	0.000000	0.000000	0.000000	 Running
123.500000	123.500000	-95808.659479		-95839.413780			30.754301			2579.377551	11552.673172	7918.814659	0	0.000000	0.000000	0.000000	 Running
124.000000	124.000000	-95809.278358		-95839.363575			30.085217			2523.261175	11516.264252	7923.521805	0	0.000000	0.000000	0.000000	 Running
124.500000	124.500000	-95809.274703		-95839.318054			30.043351			2519.749822	11480.133672	7928.039122	0	0.000000	0.000000	0.000000	 Running
125.000000	125.000000	-95809.105831		-95839.277816			30.171985			2530.538384	11444.335291	7932.306638	0	0.000000	0.000000	0.000000	 Running
125.500000	125.500000	-95808.661587		-95839.243314			30.581727			2564.903681	11408.959070	7936.225466	0	0.000000	0.000000	0.000000	 Running
126.000000	126.000000	-95808.895945		-95839.215493			30.319547			2542.914537	11373.776353	7940.052464	0	0.000000	0.000000	0.000000	 Running
126.500000	126.500000	-95809.462151		-95839.194987			29.732836			2493.706821	11338.677264	7943.909368	0	0.000000	0.000000	0.000000	 Running
127.000000	127.000000	-95809.839523		-95839.182097			29.342574			2460.975311	11303.725682	7947.723985	0	0.000000	0.000000	0.000000	 Running
127.500000	127.500000	-95809.819754		-95839.176964			29.357210			2462.202851	11269.053043	7951.349712	0	0.000000	0.000000	0.000000	 Running
128.000000	128.000000	-95810.013403		-95839.179707			29.166304			2446.191477	11234.588740	7954.865154	0	0.000000	0.000000	0.000000	 Running
128.500000	128.500000	-95810.349877		-95839.190292			28.840415			2418.859049	11200.286290	7958.321361	0	0.000000	0.000000	0.000000	 Running
129.000000	129.000000	-95810.025177		-95839.208681			29.183505			2447.634092	11166.361281	7961.480876	0	0.000000	0.000000	0.000000	 Running
129.500000	129.500000	-95810.761437		-95839.234259			28.472822			2388.028849	11132.468106	7964.723733	0	0.000000	0.000000	0.000000	 Running
130.000000	130.000000	-95811.126726		-95839.266799			28.140073			2360.121013	11098.728309	7967.915360	0	0.000000	0.000000	0.000000	 Running
130.500000	130.500000	-95811.049515		-95839.306048			28.256533			2369.888524	11065.284479	7970.899243	0	0.000000	0.000000	0.000000	 Running
131.000000	131.000000	-95812.107089		-95839.350628			27.243539			2284.928300	11031.771669	7974.074564	0	0.000000	0.000000	0.000000	 Running
131.500000	131.500000	-95812.771381		-95839.400223			26.628841			2233.373303	10998.317683	7977.300052	0	0.000000	0.000000	0.000000	 Running
132.000000	132.000000	-95812.133264		-95839.455303			27.322039			2291.512147	10965.337359	7980