[FREQ]
-1.273335
-1.240241
-1.222088
-0.000022
0.000018
0.000064
1553.074261
3691.663456
3772.216098
[INT]
2.637128
0.921729
0.000000
0.172312
0.172312
0.172312
8.533329
11.484506
1.774634
[MASS]
1.125889
1.046169
1.007825
6.003522
6.003522
6.003522
1.081627
1.046147
1.081603
[FR-COORD]
 H 1.124340 -0.823673 -0.383225
 H 0.241458 1.776106 -1.276164
 O 1.090846 0.937293 0.109370
[FR-NORM-COORD]
vibration 1
-0.619856 -0.100985 0.318860
-0.619818 -0.100979 0.318840
0.078111 0.012726 -0.040181
vibration 2
-0.333838 0.122840 -0.610068
0.088356 0.600018 0.361790
0.015468 -0.045547 0.015644
vibration 3
0.622276 0.101379 -0.320105
-0.622310 -0.101384 0.320122
0.000002 0.000000 -0.000001
vibration 4
0.236427 0.033617 0.525648
0.236427 0.033617 0.525648
0.236427 0.033617 0.525648
vibration 5
-0.521077 -0.069201 0.238796
-0.521077 -0.069201 0.238796
-0.521077 -0.069201 0.238796
vibration 6
-0.076908 0.572201 -0.002003
-0.076908 0.572201 -0.002003
-0.076908 0.572201 -0.002003
vibration 7
-0.334704 0.161207 -0.599602
-0.069911 -0.618517 -0.331793
0.025494 0.028815 0.058686
vibration 8
0.031926 -0.688051 -0.155847
-0.323488 0.358517 -0.515308
0.018371 0.020764 0.042289
vibration 9
-0.012918 0.679174 0.189985
-0.327594 0.323516 -0.534376
0.021455 -0.063179 0.021700
