[FREQ]
-0.535911
-0.314823
-0.149396
0.111450
0.177205
0.330689
1553.074688
3691.662098
3772.214759
[INT]
1.335979
0.574210
0.238375
0.306909
0.383178
1.237142
8.533328
11.484508
1.774633
[MASS]
1.024850
2.106288
3.087320
2.338731
2.374602
1.402789
1.081627
1.046147
1.081603
[FR-COORD]
 H 1.124340 -0.823673 -0.383225
 H 0.241458 1.776106 -1.276164
 O 1.090846 0.937293 0.109370
[FR-NORM-COORD]
vibration 1
-0.162909 0.058242 -0.288083
-0.752893 0.144403 0.546114
0.021056 -0.012343 -0.023244
vibration 2
-0.062592 -0.069969 -0.753159
0.463494 0.368519 0.003330
-0.024522 -0.258379 -0.077026
vibration 3
0.601656 -0.140290 0.094678
-0.248095 -0.564593 -0.300493
0.239101 -0.041658 -0.282574
vibration 4
-0.435399 0.161709 -0.185002
0.505952 0.608820 0.186008
0.273253 0.115110 0.029766
vibration 5
-0.881222 0.013163 0.053063
0.035154 0.205545 -0.292876
-0.127161 0.112242 -0.249858
vibration 6
-0.684950 -0.304136 0.573229
-0.069647 -0.276647 0.044889
0.066993 -0.141497 0.042944
vibration 7
-0.334704 0.161207 -0.599603
-0.069911 -0.618517 -0.331793
0.025494 0.028815 0.058686
vibration 8
0.031926 -0.688051 -0.155846
-0.323488 0.358517 -0.515309
0.018371 0.020764 0.042289
vibration 9
-0.012918 0.679174 0.189985
-0.327594 0.323516 -0.534376
0.021455 -0.063179 0.021700
