     3
  8    0.6590001656   0.6402299958   0.6004161137   0.5453024594   0.5866996624   0.5207516925   0.4104848234   0.2019202393
  1    0.2519851744   0.3263046641   0.2319774512   0.3164899970   0.1930203361   0.2957236127   0.1465004673   0.2671006996   0.2866015903   0.2098500624   0.2508766323   0.1731613968   0.1922310073   0.1179057637   0.0864794927   0.0372209027
  1    0.2519851744   0.3326955016   0.2319774512   0.3237399989   0.1930203361   0.3046925010   0.1465004673   0.2782017598   0.3000980720   0.2098500624   0.2698750602   0.1731613968   0.2182538161   0.1179057637   0.1154407467   0.0372209027
        0.0000000000      -25.4660281267      -25.4660281267        0.0000000000
     3
  8    0.6526093281   0.6329799939   0.5914472254   0.5342013992   0.5732031807   0.5017532646   0.3844620146   0.1729589853
  1    0.2523451060   0.3263046641   0.2323834793   0.3164899970   0.1934963262   0.2957236127   0.1470191592   0.2671006996   0.2866015903   0.2105622686   0.2508766323   0.1740963192   0.1922310073   0.1190166346   0.0864794927   0.0380243585
  1    0.2523451060   0.3263046641   0.2323834793   0.3164899970   0.1934963262   0.2957236127   0.1470191592   0.2671006996   0.2866015903   0.2105622686   0.2508766323   0.1740963192   0.1922310073   0.1190166346   0.0864794927   0.0380243585
        0.0000000000      -25.4670656548      -25.4670656548        0.0000000000
     3
  8    0.6513847844   0.6315892593   0.5897264024   0.5320768034   0.5705788983   0.4980862975   0.3795616893   0.1679638033
  1    0.2523451060   0.3256923922   0.2323834793   0.3157946297   0.1934963262   0.2948632012   0.1470191592   0.2660384017   0.2852894492   0.2105622686   0.2490431488   0.1740963192   0.1897808446   0.1190166346   0.0839819017   0.0380243585
  1    0.2523451060   0.3256923922   0.2323834793   0.3157946297   0.1934963262   0.2948632012   0.1470191592   0.2660384017   0.2852894492   0.2105622686   0.2490431488   0.1740963192   0.1897808446   0.1190166346   0.0839819017   0.0380243585
        0.0000000000      -25.4670487060      -25.4670487060        0.0000000000
     3
  8    0.6519970562   0.6322846266   0.5905868139   0.5331391013   0.5718910395   0.4999197811   0.3820118519   0.1704613943
  1    0.2519851744   0.3256923922   0.2319774512   0.3157946297   0.1930203361   0.2948632012   0.1465004673   0.2660384017   0.2852894492   0.2098500624   0.2490431488   0.1731613968   0.1897808446   0.1179057637   0.0839819017   0.0372209027
  1    0.2519851744   0.3263046641   0.2319774512   0.3164899970   0.1930203361   0.2957236127   0.1465004673   0.2671006996   0.2866015903   0.2098500624   0.2508766323   0.1731613968   0.1922310073   0.1179057637   0.0864794927   0.0372209027
        0.0000000000      -25.4670581593      -25.4670581593        0.0000000000
     3
  8    0.6519970562   0.6322846266   0.5905868139   0.5331391013   0.5718910395   0.4999197811   0.3820118519   0.1704613943
  1    0.2519851744   0.3263046641   0.2319774512   0.3164899970   0.1930203361   0.2957236127   0.1465004673   0.2671006996   0.2866015903   0.2098500624   0.2508766323   0.1731613968   0.1922310073   0.1179057637   0.0864794927   0.0372209027
  1    0.2519851744   0.3256923922   0.2319774512   0.3157946297   0.1930203361   0.2948632012   0.1465004673   0.2660384017   0.2852894492   0.2098500624   0.2490431488   0.1731613968   0.1897808446   0.1179057637   0.0839819017   0.0372209027
        0.0000000000      -25.4670581593      -25.4670581593        0.0000000000
     3
  8    0.6522209188   0.6325062810   0.5908592088   0.5336039170   0.5715912562   0.5001822995   0.3851980699   0.1836770173
  1    0.2523451060   0.3162987063   0.2323834793   0.3051121287   0.1934963262   0.2816491767   0.1470191592   0.2497940027   0.2648377425   0.2105622686   0.2208639270   0.1740963192   0.1536082758   0.1190166346   0.0516754288   0.0380243585
  1    0.2523451060   0.3359222125   0.2323834793   0.3273941523   0.1934963262   0.3092100321   0.1470191592   0.2838099143   0.3067535137   0.2105622686   0.2793183725   0.1740963192   0.2315897941   0.1190166346   0.1320015885   0.0380243585
        0.0000000000      -25.4629474022      -25.4629474022        0.0000000000
     3
  8    0.6622268766   0.6438841493   0.6049336448   0.5509106139   0.5933551040   0.5301950048   0.4238208014   0.2184810812
  1    0.2639414479   0.3359222125   0.2454983159   0.3273941523   0.2089967130   0.3092100321   0.1641632207   0.2838099143   0.3067535137   0.2332428222   0.2793183725   0.2044624345   0.2315897941   0.1571173000   0.1320015885   0.0712944046
  1    0.2639414479   0.3263046641   0.2454983159   0.3164899970   0.2089967130   0.2957236127   0.1641632207   0.2671006996   0.2866015903   0.2332428222   0.2508766323   0.2044624345   0.1922310073   0.1571173000   0.0864794927   0.0712944046
        0.0000000000      -25.4645149020      -25.4645149020        0.0000000000
     3
  8    0.6426033703   0.6216021257   0.5773727894   0.5168947023   0.5514393328   0.4717405593   0.3458392831   0.1381549215
  1    0.2408666382   0.3263046641   0.2194710768   0.3164899970   0.1784846803   0.2957236127   0.1308990283   0.2671006996   0.2866015903   0.1877697467   0.2508766323   0.1448724391   0.1922310073   0.0862394694   0.0864794927   0.0181914361
  1    0.2408666382   0.3162987063   0.2194710768   0.3051121287   0.1784846803   0.2816491767   0.1308990283   0.2497940027   0.2648377425   0.1877697467   0.2208639270   0.1448724391   0.1536082758   0.0862394694   0.0516754288   0.0181914361
        0.0000000000      -25.4651761337      -25.4651761337        0.0000000000
     3
  8    0.6653910031   0.6474799978   0.6093850021   0.5564035197   0.6001961441   0.5397501204   0.4365076322   0.2308814933
  1    0.2523451060   0.3326955016   0.2323834793   0.3237399989   0.1934963262   0.3046925010   0.1470191592   0.2782017598   0.3000980720   0.2105622686   0.2698750602   0.1740963192   0.2182538161   0.1190166346   0.1154407467   0.0380243585
  1    0.2523451060   0.3326955016   0.2323834793   0.3237399989   0.1934963262   0.3046925010   0.1470191592   0.2782017598   0.3000980720   0.2105622686   0.2698750602   0.1740963192   0.2182538161   0.1190166346   0.1154407467   0.0380243585
        0.0000000000      -25.4649133585      -25.4649133585        0.0000000000
     3
  8    0.6453955113   0.6247798049   0.5813020642   0.5217103350   0.5575727187   0.4801058677   0.3562763775   0.1466032197
  1    0.2519851744   0.3190908472   0.2319774512   0.3082898080   0.1930203361   0.2855784515   0.1465004673   0.2546096354   0.2709711284   0.2098500624   0.2292292354   0.1731613968   0.1640453702   0.1179057637   0.0601237270   0.0372209027
  1    0.2519851744   0.3263046641   0.2319774512   0.3164899970   0.1930203361   0.2957236127   0.1465004673   0.2671006996   0.2866015903   0.2098500624   0.2508766323   0.1731613968   0.1922310073   0.1179057637   0.0864794927   0.0372209027
        0.0000000000      -25.4660808269      -25.4660808269        0.0000000000
     3
  8    0.6453955113   0.6247798049   0.5813020642   0.5217103350   0.5575727187   0.4801058677   0.3562763775   0.1466032197
  1    0.2519851744   0.3263046641   0.2319774512   0.3164899970   0.1930203361   0.2957236127   0.1465004673   0.2671006996   0.2866015903   0.2098500624   0.2508766323   0.1731613968   0.1922310073   0.1179057637   0.0864794927   0.0372209027
  1    0.2519851744   0.3190908472   0.2319774512   0.3082898080   0.1930203361   0.2855784515   0.1465004673   0.2546096354   0.2709711284   0.2098500624   0.2292292354   0.1731613968   0.1640453702   0.1179057637   0.0601237270   0.0372209027
        0.0000000000      -25.4660808269      -25.4660808269        0.0000000000
     3
  8    0.6513847844   0.6315892593   0.5897264024   0.5320768034   0.5705788983   0.4980862975   0.3795616893   0.1679638033
  1    0.2523451060   0.3256923922   0.2323834793   0.3157946297   0.1934963262   0.2948632012   0.1470191592   0.2660384017   0.2852894492   0.2105622686   0.2490431488   0.1740963192   0.1897808446   0.1190166346   0.0839819017   0.0380243585
  1    0.2523451060   0.3256923922   0.2323834793   0.3157946297   0.1934963262   0.2948632012   0.1470191592   0.2660384017   0.2852894492   0.2105622686   0.2490431488   0.1740963192   0.1897808446   0.1190166346   0.0839819017   0.0380243585
        0.0000000000      -25.4670487060      -25.4670487060        0.0000000000
     3
  8    0.6519970562   0.6322846266   0.5905868139   0.5331391013   0.5718910395   0.4999197811   0.3820118519   0.1704613943
  1    0.2519851744   0.3256923922   0.2319774512   0.3157946297   0.1930203361   0.2948632012   0.1465004673   0.2660384017   0.2852894492   0.2098500624   0.2490431488   0.1731613968   0.1897808446   0.1179057637   0.0839819017   0.0372209027
  1    0.2519851744   0.3263046641   0.2319774512   0.3164899970   0.1930203361   0.2957236127   0.1465004673   0.2671006996   0.2866015903   0.2098500624   0.2508766323   0.1731613968   0.1922310073   0.1179057637   0.0864794927   0.0372209027
        0.0000000000      -25.4670581593      -25.4670581593        0.0000000000
     3
  8    0.6519970562   0.6322846266   0.5905868139   0.5331391013   0.5718910395   0.4999197811   0.3820118519   0.1704613943
  1    0.2519851744   0.3263046641   0.2319774512   0.3164899970   0.1930203361   0.2957236127   0.1465004673   0.2671006996   0.2866015903   0.2098500624   0.2508766323   0.1731613968   0.1922310073   0.1179057637   0.0864794927   0.0372209027
  1    0.2519851744   0.3256923922   0.2319774512   0.3157946297   0.1930203361   0.2948632012   0.1465004673   0.2660384017   0.2852894492   0.2098500624   0.2490431488   0.1731613968   0.1897808446   0.1179057637   0.0839819017   0.0372209027
        0.0000000000      -25.4670581593      -25.4670581593        0.0000000000
     3
  8    0.6522209188   0.6325062810   0.5908592088   0.5336039170   0.5715912562   0.5001822995   0.3851980699   0.1836770173
  1    0.2523451060   0.3359222125   0.2323834793   0.3273941523   0.1934963262   0.3092100321   0.1470191592   0.2838099143   0.3067535137   0.2105622686   0.2793183725   0.1740963192   0.2315897941   0.1190166346   0.1320015885   0.0380243585
  1    0.2523451060   0.3162987063   0.2323834793   0.3051121287   0.1934963262   0.2816491767   0.1470191592   0.2497940027   0.2648377425   0.2105622686   0.2208639270   0.1740963192   0.1536082758   0.1190166346   0.0516754288   0.0380243585
        0.0000000000      -25.4629474022      -25.4629474022        0.0000000000
     3
  8    0.6426033703   0.6216021257   0.5773727894   0.5168947023   0.5514393328   0.4717405593   0.3458392831   0.1381549215
  1    0.2408666382   0.3162987063   0.2194710768   0.3051121287   0.1784846803   0.2816491767   0.1308990283   0.2497940027   0.2648377425   0.1877697467   0.2208639270   0.1448724391   0.1536082758   0.0862394694   0.0516754288   0.0181914361
  1    0.2408666382   0.3263046641   0.2194710768   0.3164899970   0.1784846803   0.2957236127   0.1308990283   0.2671006996   0.2866015903   0.1877697467   0.2508766323   0.1448724391   0.1922310073   0.0862394694   0.0864794927   0.0181914361
        0.0000000000      -25.4651761337      -25.4651761337        0.0000000000
     3
  8    0.6622268766   0.6438841493   0.6049336448   0.5509106139   0.5933551040   0.5301950048   0.4238208014   0.2184810812
  1    0.2639414479   0.3263046641   0.2454983159   0.3164899970   0.2089967130   0.2957236127   0.1641632207   0.2671006996   0.2866015903   0.2332428222   0.2508766323   0.2044624345   0.1922310073   0.1571173000   0.0864794927   0.0712944046
  1    0.2639414479   0.3359222125   0.2454983159   0.3273941523   0.2089967130   0.3092100321   0.1641632207   0.2838099143   0.3067535137   0.2332428222   0.2793183725   0.2044624345   0.2315897941   0.1571173000   0.1320015885   0.0712944046
        0.0000000000      -25.4645149020      -25.4645149020        0.0000000000
     3
  8    0.6381816944   0.6165796160   0.5711569029   0.5092192707   0.5419422567   0.4584584709   0.3280907405   0.1202474541
  1    0.2523451060   0.3190908472   0.2323834793   0.3082898080   0.1934963262   0.2855784515   0.1470191592   0.2546096354   0.2709711284   0.2105622686   0.2292292354   0.1740963192   0.1640453702   0.1190166346   0.0601237270   0.0380243585
  1    0.2523451060   0.3190908472   0.2323834793   0.3082898080   0.1934963262   0.2855784515   0.1470191592   0.2546096354   0.2709711284   0.2105622686   0.2292292354   0.1740963192   0.1640453702   0.1190166346   0.0601237270   0.0380243585
        0.0000000000      -25.4650153206      -25.4650153206        0.0000000000
     3
  8    0.6590001656   0.6402299958   0.6004161137   0.5453024594   0.5866996624   0.5207516925   0.4104848234   0.2019202393
  1    0.2519851744   0.3326955016   0.2319774512   0.3237399989   0.1930203361   0.3046925010   0.1465004673   0.2782017598   0.3000980720   0.2098500624   0.2698750602   0.1731613968   0.2182538161   0.1179057637   0.1154407467   0.0372209027
  1    0.2519851744   0.3263046641   0.2319774512   0.3164899970   0.1930203361   0.2957236127   0.1465004673   0.2671006996   0.2866015903   0.2098500624   0.2508766323   0.1731613968   0.1922310073   0.1179057637   0.0864794927   0.0372209027
        0.0000000000      -25.4660281267      -25.4660281267        0.0000000000
     3
  8    0.6590001656   0.6402299958   0.6004161137   0.5453024594   0.5866996624   0.5207516925   0.4104848234   0.2019202393
  1    0.2519851744   0.3263046641   0.2319774512   0.3164899970   0.1930203361   0.2957236127   0.1465004673   0.2671006996   0.2866015903   0.2098500624   0.2508766323   0.1731613968   0.1922310073   0.1179057637   0.0864794927   0.0372209027
  1    0.2519851744   0.3326955016   0.2319774512   0.3237399989   0.1930203361   0.3046925010   0.1465004673   0.2782017598   0.3000980720   0.2098500624   0.2698750602   0.1731613968   0.2182538161   0.1179057637   0.1154407467   0.0372209027
        0.0000000000      -25.4660281267      -25.4660281267        0.0000000000
