     3
  8    0.6590001656   0.6402299958   0.6004161137   0.5453024594   0.5866996624   0.5207516925   0.4104848234   0.2019202393   0.0124703413   0.0003106959   0.0248938683   0.0098902366   0.0133287621   0.0052954651
  1    2.8624224868   2.7638974268   2.5588092377   2.2833060639   2.8278434667   2.7898384654   2.7319521460   2.6433910841   0.0000104208   0.2816155472   0.0201333479   0.2581394912   0.0107798676   0.1382139501   0.0181475719
  1    2.9135491869   2.8218974423   2.6305603444   2.3721145460   2.8694205143   2.8226945188   2.7474777268   2.6078071708   0.0000170356   0.2703034123   0.0227656201   0.2555072190   0.0121892480   0.1368045697   0.0179625194
        0.0000000000      -25.4660281267      -25.4660281267        0.0000000000
     3
  8    0.6526093281   0.6329799939   0.5914472254   0.5342013992   0.5732031807   0.5017532646   0.3844620146   0.1729589853   0.0096413739   0.0005219499   0.0228307749   0.0110126827   0.0120658983   0.0058201226
  1    2.8627824184   2.7643034549   2.5592852278   2.2838247558   2.8285556729   2.7907733878   2.7330630169   2.6441945399   0.0000237156   0.2561470205   0.0241858913   0.2465617691   0.0127820674   0.1303060996   0.0163999121
  1    2.8627824184   2.7643034549   2.5592852278   2.2838247558   2.8285556729   2.7907733878   2.7330630169   2.6441945399   0.0000237156   0.2561470205   0.0241858913   0.2465617691   0.0127820674   0.1303060996   0.0163999121
        0.0000000000      -25.4670656548      -25.4670656548        0.0000000000
     3
  8    0.6513847844   0.6315892593   0.5897264024   0.5320768034   0.5705788983   0.4980862975   0.3795616893   0.1679638033   0.0092053902   0.0005660112   0.0224617320   0.0111850761   0.0118369969   0.0058943679
  1    2.8578842435   2.7587405166   2.5524019357   2.2753263730   2.8241388817   2.7867609223   2.7298581723   2.6434043288   0.0000259613   0.2526295401   0.0246224682   0.2445519968   0.0129756726   0.1288752453   0.0160699288
  1    2.8578842435   2.7587405166   2.5524019357   2.2753263730   2.8241388817   2.7867609223   2.7298581723   2.6434043288   0.0000259613   0.2526295401   0.0246224682   0.2445519968   0.0129756726   0.1288752453   0.0160699288
        0.0000000000      -25.4670487060      -25.4670487060        0.0000000000
     3
  8    0.6519970562   0.6322846266   0.5905868139   0.5331391013   0.5718910395   0.4999197811   0.3820118519   0.1704613943   0.0095515815   0.0005257431   0.0226776652   0.0109843136   0.0119507905   0.0057885690
  1    2.8575243119   2.7583344885   2.5519259456   2.2748076811   2.8234266755   2.7858259999   2.7287473014   2.6426008731   0.0000233672   0.2554089980   0.0239910246   0.2453048059   0.0126429112   0.1292719645   0.0161193972
  1    2.8624224868   2.7638974268   2.5588092377   2.2833060639   2.8278434667   2.7898384654   2.7319521460   2.6433910841   0.0000244782   0.2542440244   0.0242712259   0.2450246046   0.0127905731   0.1291243026   0.0161009847
        0.0000000000      -25.4670581593      -25.4670581593        0.0000000000
     3
  8    0.6519970562   0.6322846266   0.5905868139   0.5331391013   0.5718910395   0.4999197811   0.3820118519   0.1704613943   0.0095515815   0.0005257431   0.0226776652   0.0109843136   0.0119507905   0.0057885690
  1    2.8624224868   2.7638974268   2.5588092377   2.2833060639   2.8278434667   2.7898384654   2.7319521460   2.6433910841   0.0000244782   0.2542440244   0.0242712259   0.2450246046   0.0127905731   0.1291243026   0.0161009847
  1    2.8575243119   2.7583344885   2.5519259456   2.2748076811   2.8234266755   2.7858259999   2.7287473014   2.6426008731   0.0000233672   0.2554089980   0.0239910246   0.2453048059   0.0126429112   0.1292719645   0.0161193972
        0.0000000000      -25.4670581593      -25.4670581593        0.0000000000
     3
  8    0.6522209188   0.6325062810   0.5908592088   0.5336039170   0.5715912562   0.5001822995   0.3851980699   0.1836770173   0.0093528689   0.0005508901   0.0225792537   0.0111234530   0.0118989291   0.0058618934
  1    2.7827347562   2.6732805089   2.4466897395   2.1453711807   2.7472716909   2.7069872691   2.6442878746   2.5405737276   0.0000114756   0.2724313683   0.0201017809   0.2495198729   0.0105933379   0.1314932417   0.0163963764
  1    2.9397228061   2.8515366977   2.6671765829   2.4174984734   2.8879152475   2.8338516467   2.7439228954   2.5610991969   0.0000511984   0.2347593767   0.0292149358   0.2404067180   0.0153958343   0.1266907454   0.0157975355
        0.0000000000      -25.4629474022      -25.4629474022        0.0000000000
     3
  8    0.6622268766   0.6438841493   0.6049336448   0.5509106139   0.5933551040   0.5301950048   0.4238208014   0.2184810812   0.0087707421   0.0008138211   0.0246286587   0.0135929560   0.0139008060   0.0076720802
  1    2.9513191480   2.8646515343   2.6826769698   2.4346425349   2.9105958012   2.8642177620   2.7820235608   2.5943692431   0.0000561048   0.2572567220   0.0331321169   0.2726408009   0.0187002929   0.1538827970   0.0239821186
  1    2.8743787603   2.7774182915   2.5747856146   2.3009688173   2.8512362266   2.8211395031   2.7711636823   2.6774645861   0.0000259173   0.2799261725   0.0273146979   0.2784582199   0.0154168492   0.1571662407   0.0244938322
        0.0000000000      -25.4645149020      -25.4645149020        0.0000000000
     3
  8    0.6426033703   0.6216021257   0.5773727894   0.5168947023   0.5514393328   0.4717405593   0.3458392831   0.1381549215   0.0101534925   0.0003451842   0.0208004440   0.0089316454   0.0102345786   0.0043946959
  1    2.8513039507   2.7513910524   2.5442735819   2.2677046249   2.8057631510   2.7615495077   2.7002858516   2.6243616176   0.0000215927   0.2332173397   0.0212477429   0.2166089726   0.0104546660   0.1065795306   0.0106332304
  1    2.7712562884   2.6603681065   2.4316780936   2.1292510498   2.7244791690   2.6777633890   2.6115107093   2.5207408053   0.0000104770   0.2487243053   0.0177335296   0.2201231859   0.0087255446   0.1083086520   0.0108057415
        0.0000000000      -25.4651761337      -25.4651761337        0.0000000000
     3
  8    0.6653910031   0.6474799978   0.6093850021   0.5564035197   0.6001961441   0.5397501204   0.4365076322   0.2308814933   0.0158292566   0.0001754504   0.0271259145   0.0088015237   0.0147564182   0.0047880032
  1    2.9139091185   2.8223034704   2.6310363345   2.3726332378   2.8701327205   2.8236294412   2.7485885977   2.6086106266   0.0000071906   0.2971388720   0.0188376827   0.2685818227   0.0102476444   0.1461077268   0.0202004957
  1    2.9139091185   2.8223034704   2.6310363345   2.3726332378   2.8701327205   2.8236294412   2.7485885977   2.6086106266   0.0000071906   0.2971388720   0.0188376827   0.2685818227   0.0102476444   0.1461077268   0.0202004957
        0.0000000000      -25.4649133585      -25.4649133585        0.0000000000
     3
  8    0.6453955113   0.6247798049   0.5813020642   0.5217103350   0.5575727187   0.4801058677   0.3562763775   0.1466032197   0.0074473832   0.0007871067   0.0207633151   0.0118387042   0.0107695077   0.0061404942
  1    2.8047119520   2.6982959151   2.4776479478   2.1833775503   2.7711549768   2.7332591287   2.6755908374   2.5876816354   0.0000285842   0.2437284938   0.0245835513   0.2362326034   0.0127509861   0.1225290285   0.0145097938
  1    2.8624224868   2.7638974268   2.5588092377   2.2833060639   2.8278434667   2.7898384654   2.7319521460   2.6433910841   0.0000490982   0.2293652603   0.0281435937   0.2326725610   0.0145975075   0.1206825072   0.0142911302
        0.0000000000      -25.4660808269      -25.4660808269        0.0000000000
     3
  8    0.6453955113   0.6247798049   0.5813020642   0.5217103350   0.5575727187   0.4801058677   0.3562763775   0.1466032197   0.0074473832   0.0007871067   0.0207633151   0.0118387042   0.0107695077   0.0061404942
  1    2.8624224868   2.7638974268   2.5588092377   2.2833060639   2.8278434667   2.7898384654   2.7319521460   2.6433910841   0.0000490982   0.2293652603   0.0281435937   0.2326725610   0.0145975075   0.1206825072   0.0142911302
  1    2.8047119520   2.6982959151   2.4776479478   2.1833775503   2.7711549768   2.7332591287   2.6755908374   2.5876816354   0.0000285842   0.2437284938   0.0245835513   0.2362326034   0.0127509861   0.1225290285   0.0145097938
        0.0000000000      -25.4660808269      -25.4660808269        0.0000000000
     3
  8    0.6513847844   0.6315892593   0.5897264024   0.5320768034   0.5705788983   0.4980862975   0.3795616893   0.1679638033   0.0092053902   0.0005660112   0.0224617320   0.0111850761   0.0118369969   0.0058943679
  1    2.8578842435   2.7587405166   2.5524019357   2.2753263730   2.8241388817   2.7867609223   2.7298581723   2.6434043288   0.0000259613   0.2526295401   0.0246224682   0.2445519968   0.0129756726   0.1288752453   0.0160699288
  1    2.8578842435   2.7587405166   2.5524019357   2.2753263730   2.8241388817   2.7867609223   2.7298581723   2.6434043288   0.0000259613   0.2526295401   0.0246224682   0.2445519968   0.0129756726   0.1288752453   0.0160699288
        0.0000000000      -25.4670487060      -25.4670487060        0.0000000000
     3
  8    0.6519970562   0.6322846266   0.5905868139   0.5331391013   0.5718910395   0.4999197811   0.3820118519   0.1704613943   0.0095515815   0.0005257431   0.0226776652   0.0109843136   0.0119507905   0.0057885690
  1    2.8575243119   2.7583344885   2.5519259456   2.2748076811   2.8234266755   2.7858259999   2.7287473014   2.6426008731   0.0000233672   0.2554089980   0.0239910246   0.2453048059   0.0126429112   0.1292719645   0.0161193972
  1    2.8624224868   2.7638974268   2.5588092377   2.2833060639   2.8278434667   2.7898384654   2.7319521460   2.6433910841   0.0000244782   0.2542440244   0.0242712259   0.2450246046   0.0127905731   0.1291243026   0.0161009847
        0.0000000000      -25.4670581593      -25.4670581593        0.0000000000
     3
  8    0.6519970562   0.6322846266   0.5905868139   0.5331391013   0.5718910395   0.4999197811   0.3820118519   0.1704613943   0.0095515815   0.0005257431   0.0226776652   0.0109843136   0.0119507905   0.0057885690
  1    2.8624224868   2.7638974268   2.5588092377   2.2833060639   2.8278434667   2.7898384654   2.7319521460   2.6433910841   0.0000244782   0.2542440244   0.0242712259   0.2450246046   0.0127905731   0.1291243026   0.0161009847
  1    2.8575243119   2.7583344885   2.5519259456   2.2748076811   2.8234266755   2.7858259999   2.7287473014   2.6426008731   0.0000233672   0.2554089980   0.0239910246   0.2453048059   0.0126429112   0.1292719645   0.0161193972
        0.0000000000      -25.4670581593      -25.4670581593        0.0000000000
     3
  8    0.6522209188   0.6325062810   0.5908592088   0.5336039170   0.5715912562   0.5001822995   0.3851980699   0.1836770173   0.0093528689   0.0005508901   0.0225792537   0.0111234530   0.0118989291   0.0058618934
  1    2.9397228061   2.8515366977   2.6671765829   2.4174984734   2.8879152475   2.8338516467   2.7439228954   2.5610991969   0.0000511984   0.2347593767   0.0292149358   0.2404067180   0.0153958343   0.1266907454   0.0157975355
  1    2.7827347562   2.6732805089   2.4466897395   2.1453711807   2.7472716909   2.7069872691   2.6442878746   2.5405737276   0.0000114756   0.2724313683   0.0201017809   0.2495198729   0.0105933379   0.1314932417   0.0163963764
        0.0000000000      -25.4629474022      -25.4629474022        0.0000000000
     3
  8    0.6426033703   0.6216021257   0.5773727894   0.5168947023   0.5514393328   0.4717405593   0.3458392831   0.1381549215   0.0101534925   0.0003451842   0.0208004440   0.0089316454   0.0102345786   0.0043946959
  1    2.7712562884   2.6603681065   2.4316780936   2.1292510498   2.7244791690   2.6777633890   2.6115107093   2.5207408053   0.0000104770   0.2487243053   0.0177335296   0.2201231859   0.0087255446   0.1083086520   0.0108057415
  1    2.8513039507   2.7513910524   2.5442735819   2.2677046249   2.8057631510   2.7615495077   2.7002858516   2.6243616176   0.0000215927   0.2332173397   0.0212477429   0.2166089726   0.0104546660   0.1065795306   0.0106332304
        0.0000000000      -25.4651761337      -25.4651761337        0.0000000000
     3
  8    0.6622268766   0.6438841493   0.6049336448   0.5509106139   0.5933551040   0.5301950048   0.4238208014   0.2184810812   0.0087707421   0.0008138211   0.0246286587   0.0135929560   0.0139008060   0.0076720802
  1    2.8743787603   2.7774182915   2.5747856146   2.3009688173   2.8512362266   2.8211395031   2.7711636823   2.6774645861   0.0000259173   0.2799261725   0.0273146979   0.2784582199   0.0154168492   0.1571662407   0.0244938322
  1    2.9513191480   2.8646515343   2.6826769698   2.4346425349   2.9105958012   2.8642177620   2.7820235608   2.5943692431   0.0000561048   0.2572567220   0.0331321169   0.2726408009   0.0187002929   0.1538827970   0.0239821186
        0.0000000000      -25.4645149020      -25.4645149020        0.0000000000
     3
  8    0.6381816944   0.6165796160   0.5711569029   0.5092192707   0.5419422567   0.4584584709   0.3280907405   0.1202474541   0.0056594759   0.0011503776   0.0188824893   0.0126787166   0.0096396056   0.0064725484
  1    2.8050718836   2.6987019431   2.4781239379   2.1838962422   2.7718671829   2.7341940512   2.6767017083   2.5884850911   0.0000581432   0.2184918750   0.0285961362   0.2238935107   0.0145984711   0.1142987609   0.0128540971
  1    2.8050718836   2.6987019431   2.4781239379   2.1838962422   2.7718671829   2.7341940512   2.6767017083   2.5884850911   0.0000581432   0.2184918750   0.0285961362   0.2238935107   0.0145984711   0.1142987609   0.0128540971
        0.0000000000      -25.4650153206      -25.4650153206        0.0000000000
     3
  8    0.6590001656   0.6402299958   0.6004161137   0.5453024594   0.5866996624   0.5207516925   0.4104848234   0.2019202393   0.0124703413   0.0003106959   0.0248938683   0.0098902366   0.0133287621   0.0052954651
  1    2.9135491869   2.8218974423   2.6305603444   2.3721145460   2.8694205143   2.8226945188   2.7474777268   2.6078071708   0.0000170356   0.2703034123   0.0227656201   0.2555072190   0.0121892480   0.1368045697   0.0179625194
  1    2.8624224868   2.7638974268   2.5588092377   2.2833060639   2.8278434667   2.7898384654   2.7319521460   2.6433910841   0.0000104208   0.2816155472   0.0201333479   0.2581394912   0.0107798676   0.1382139501   0.0181475719
        0.0000000000      -25.4660281267      -25.4660281267        0.0000000000
     3
  8    0.6590001656   0.6402299958   0.6004161137   0.5453024594   0.5866996624   0.5207516925   0.4104848234   0.2019202393   0.0124703413   0.0003106959   0.0248938683   0.0098902366   0.0133287621   0.0052954651
  1    2.8624224868   2.7638974268   2.5588092377   2.2833060639   2.8278434667   2.7898384654   2.7319521460   2.6433910841   0.0000104208   0.2816155472   0.0201333479   0.2581394912   0.0107798676   0.1382139501   0.0181475719
  1    2.9135491869   2.8218974423   2.6305603444   2.3721145460   2.8694205143   2.8226945188   2.7474777268   2.6078071708   0.0000170356   0.2703034123   0.0227656201   0.2555072190   0.0121892480   0.1368045697   0.0179625194
        0.0000000000      -25.4660281267      -25.4660281267        0.0000000000
